8.54065
1.51843
2.37036
0.0428366
0.283514
13.9489
1.38512
0.0661256
4.21822
5.55118
5.07506
0.12655
18.1985
3.61832
0.227301
0.0502504
28.8079
421.958
0.44662
0.0801384
0.73586
0.0677571
0.266102
17.9919
0.0549031
0.438875
24.8559
0.559697
7.49924
39.6903
0.582843
2.48169
2.45624
87.8195
0.0834729
12.6491
0.133349
0.138136
0.356361
2.96094
5.90973
4.74695
0.0391067
0.0255521
17.1355
0.0622543
0.134328
0.086379
5.06132
0.0364024
372.606
0.405434
1.35895
2.24101
28.5895
0.204169
0.51363
10.1793
0.128078
1.13903
0.523024
2.57454
0.0270808
6.55667
137.557
0.0807813
1.28923
2.87988
0.0551041
0.372255
3.34493
2.23744
0.0680399
0.424777
0.0420123
0.347921
0.774306
0.064404
0.062089
0.070996
1.09806
0.151076
6.60413
2.32824
15.1147
2.3328
0.192662
0.0687113
0.906472
0.0546819
0.0694133
0.0308975
0.127492
1.23158
0.0544931
0.253777
0.487833
9.83519
0.0719997
1.37869
11.3268
1.00066
0.0197977
0.033876
6.26987
0.829965
0.0186351
0.244616
0.0446194
0.517402
0.504014
0.393587
0.0505289
0.366451
5.9738
0.101174
0.684733
2.04841
0.200033
0.0445849
0.0109046
0.22762
11.1536
0.834456
0.0122223
0.0339084
0.17354
0.5544
4.48264
0.991652
7.19073
0.0509414
0.0747883
0.207104
0.187626
0.0413322
1.17609
9.37669
0.373251
5.65146
4.76232
0.161494
0.0512223
0.139104
6.48709
0.0368109
0.0299848
0.0380828
1.36431
3.37622
7.10908
10.6343
1.47671
0.0319976
0.434637
0.0142974
0.079298
3.63776
0.784429
0.0127936
0.0417434
5.05403
0.0815645
2.40196
4.38922
4.11676
0.0397928
0.0197914
2.36337
0.0369199
0.119803
0.509009
0.50558
0.140844
0.2028
0.721792
1.03059
22.0961
0.128274
0.0839476
0.120714
0.110509
3.69233
0.175744
1.13938
0.0372838
0.857936
0.098778
0.0996133
0.0639039
0.131133
0.0557851
0.0268613
0.0275791
0.0519653
0.082361
0.0242571
2.9559
0.101763
0.107391
0.0243327
0.0891875
0.318789
4.89286
293.663
0.473769
0.332702
0.018557
0.128623
0.175192
22.2079
2.05042
0.105906
0.0501181
0.0517408
4.4797
25.2885
0.0972679
2.70016
0.510717
0.165335
0.0201511
0.0559141
0.0100888
0.120028
0.0763375
0.414207
0.029328
3.72975
0.0101053
0.102726
0.0363601
1.34937
0.0569961
0.359846
0.0908657
0.216313
0.144633
0.124961
0.099047
1.17527
0.0463431
0.0462689
0.0107741
0.666529
0.266948
0.0301195
0.0813783
0.318567
0.0360782
0.0124763
0.0181705
0.04082
0.140036
0.38997
0.549929
0.0198997
0.128152
0.233966
0.0789364
0.114954
0.0146906
0.106441
0.142449
0.0708462
0.111102
0.0337952
7.17261
5.51145
6.73658
7.89252
0.022391
0.451261
2.00855
0.0301784
6.30387
0.280429
0.0109302
0.0208899
0.716499
8.9827
1.22189
3.1763
0.0394425
0.203731
0.0546387
0.0141825
0.0707524
0.411868
3.65267
0.0202393
11.8854
0.0857242
4.06145
5.04258
0.0395289
0.0379444
0.0476104
0.620339
0.0198052
2.95183
0.038026
2.62438
0.0725085
2.33099
0.0940582
0.0998793
6.72954
1.39435
0.613495
0.8724
0.0138592
0.206904
0.138067
0.0525239
3.46876
0.132667
0.0316324
14.1077
0.364076
1.24498
1.31313
0.10772
0.0416635
0.0253878
0.515307
1.10423
0.0145205
0.109113
0.134347
3.17167
0.220049
14.86
0.477513
3.41183
0.039106
0.103669
0.288883
0.862103
2.52161
13.4557
0.0131091
21.9794
0.381858
2.04944
0.209462
0.29905
49.7082
0.0873036
0.661139
0.0690961
0.619264
0.663032
0.40361
0.840471
0.79696
0.156173
2.19184
16.5459
0.148554
0.152817
0.136374
0.17059
0.61818
0.125456
2.38315
2.78679
0.0345777
0.112381
0.0986269
0.0311378
0.0926619
0.434698
0.45754
0.0346773
0.219636
0.0680044
2.85667
1.40217
0.0546648
0.804299
13.4618
0.0646899
0.0751
0.0328322
0.721035
0.0814703
0.110895
0.188881
3.37737
11.9312
0.359595
0.131155
0.0830333
0.162311
2.23035
0.67488
0.477188
0.0742713
0.0620996
4.79184
0.897112
0.0898459
0.237582
0.297589
0.0795856
0.49557
0.247648
0.128487
8.64473
0.382352
2.64762
0.0462159
0.0640271
0.137284
0.940436
0.0485044
37.471
0.0852352
0.818232
0.470995
0.556057
0.160521
11.4411
0.192516
6.63695
0.85909
1.26423
1.32538
0.0760978
6.62009
0.731266
0.0116122
0.785287
2.34383
0.472043
0.372598
0.289187
0.129503
5.54848
0.0595179
1.66782
0.269384
0.288753
0.099639
2.56044
0.465337
0.0619486
0.0467969
0.240602
1.39856
0.0534273
0.909403
3.00738
0.0284268
0.0589362
0.075241
4.96384
12.4013
0.41855
1.1809
0.105639
0.533549
0.126857
0.332788
0.0865066
0.0278508
5.26342
0.0343665
0.331307
8.85547
0.0129629
0.219878
0.485418
0.0144979
0.629179
0.0585812
0.182331
18.1176
0.379861
0.325512
0.322329
0.0842173
0.0106427
3.08003
1.66673
0.770164
6.72322
1.1
0.0566174
0.0848501
0.395355
0.233723
0.305479
0.0352361
0.481948
0.116429
0.0366669
0.0168599
0.0305627
4.56184
0.161617
0.024844
0.0605109
0.444662
0.36552
1.86435
0.173029
0.0608808
1.61501
0.238351
0.556104
1.06814
0.0646627
0.565179
0.0364972
0.0100798
2.08994
0.473769
0.0862825
0.26164
1.67302
9.4774
0.0675074
8.79093
1.31877
0.0421682
0.0608501
0.0262005
4.47265
0.382212
0.43545
1.09253
0.154335
0.0551117
3.29046
0.69966
0.730255
0.266161
1.60461
1.36617
0.940286
0.639908
0.252814
0.625169
0.057028
3.72092
0.0204264
0.21115
0.264801
1.87098
3.42655
0.0733492
0.338439
0.673388
1.81637
0.0190634
0.593803
0.055776
2.47557
2.25844
0.437618
0.104723
0.388139
0.178029
1.35794
0.0927427
0.532407
0.104912
19.4985
74.6438
0.47527
0.016537
0.164362
0.354035
0.0180391
0.303933
0.274404
0.145016
0.69026
0.141325
0.54614
0.0841762
0.464043
0.0218036
0.116429
9.61182
0.118566
0.0745114
65.8425
0.360259
0.509709
0.0451453
0.834085
0.0752198
3.23469
0.732518
0.500202
0.236559
0.968022
0.0265985
4.6683
3.37015
0.0509643
3.43565
0.172568
0.0713863
1.2321
0.135998
0.11622
0.0104868
0.641122
0.0357318
5.54393
0.043865
0.736063
0.610806
0.263982
0.491873
6.72241
0.968295
0.240258
0.250359
0.19934
0.538728
0.236549
1.20338
1.08226
0.0377177
0.423559
6.79829
1.85651
0.495933
0.251706
0.037758
0.140391
13.6859
0.0275485
2.75508
0.504166
0.0515802
0.0180176
1.04823
1.45806
0.0492276
1.57906
0.0387166
1.54088
7.20227
2.14223
0.34836
0.154172
0.068335
0.214982
0.0856274
4.26888
0.663331
9.94257
0.0181978
0.0657982
0.160775
0.851235
0.924514
0.131364
0.0899517
0.862397
1.3621
94.6931
0.091394
0.0444498
0.143329
0.505059
0.0977734
0.0611215
0.140746
0.113017
0.244508
0.363196
142.362
0.270362
0.0592168
0.451985
0.909491
0.143135
0.0616951
0.21723
26.2488
0.622442
0.372514
0.126478
3.09767
3.44818
0.755928
1.08918
0.0155197
0.12698
7.59711
0.100524
0.200282
0.0367299
0.0443805
0.0656542
0.0951116
0.0690961
0.159244
0.0423287
0.0898154
4.25429
0.162427
0.104691
0.84259
5.01281
0.442069
0.26499
0.483161
0.0623814
1.21631
0.019016
0.458546
1.58563
0.0604851
0.291073
1.80259
0.196579
0.0475636
0.167141
0.302766
0.15166
16.9139
0.331583
2.02898
0.310576
0.106529
0.0614529
0.0659006
0.779079
0.301113
0.458046
0.119122
0.0449703
3.80368
0.185742
0.0820962
0.0711284
0.12097
0.0103296
0.347464
0.0728862
0.834574
0.153698
0.0529108
0.0779635
3989.25
0.102783
7.08444
1.50373
0.0718848
0.621152
1.41497
0.25454
0.293438
0.348
1.13292
0.84259
3.01964
0.0435418
0.283096
1.96422
0.547927
5.97611
0.0858844
0.0214243
0.108233
0.631516
11.9689
1.22793
2.61181
0.0617037
0.0769285
2.10447
0.157534
0.908696
0.0446714
0.272079
0.030575
0.126041
0.0131539
0.223243
0.733986
0.190414
0.128789
0.972238
0.740359
0.190759
0.0541697
20.7478
0.0854309
14.1911
0.0105214
0.287466
0.150298
0.0917526
0.0937239
0.500428
0.558729
0.0329731
0.0926619
0.225127
0.0115105
0.333944
0.19316
0.76245
0.112314
0.0627276
0.152727
0.155571
0.086092
0.110975
0.488685
3.20999
0.0860692
0.0711031
0.062914
0.036371
0.99498
0.074409
0.413944
0.202132
0.466318
0.753082
0.110665
2.32877
0.198539
0.296407
0.0604851
0.651879
6.28905
0.983275
7.65555
0.523944
0.059901
0.0163153
0.0453369
0.032175
0.100763
5.79878
4.31102
0.722909
3.45479
0.193946
0.0649155
3.28839
0.316616
0.112127
0.339995
0.0682483
0.781787
0.0245575
0.798377
0.158596
1.11223
0.635969
0.0260328
1.53638
0.434698
0.101311
0.333058
0.995827
2.67646
1.26756
0.0482337
0.775998
0.372383
1.56896
3.54115
0.533914
0.0869517
0.2797
0.0422308
0.190452
0.316313
1.58297
3.07951
2.21219
0.569648
0.411316
0.0964429
0.777701
0.0236224
1.10371
0.134693
0.140093
1.17219
0.183439
0.329661
0.22005
0.431816
0.102426
0.333673
0.315152
0.490883
0.568935
1.9679
0.163659
0.175192
0.15595
0.110556
1.09565
0.0505252
0.107363
0.731197
1.41642
0.0566804
0.101845
0.42857
0.125983
0.0650412
0.167896
0.561622
0.0251874
0.281303
0.13476
6.78216
0.325714
2.05031
0.107143
0.200219
27.0004
0.436153
8.74177
0.414464
0.0168744
0.215526
0.157067
0.679843
0.464426
0.950996
0.0706876
0.426963
0.10494
2.291
0.0591804
0.369085
2.68026
0.106386
0.019318
0.728106
2.33615
0.60787
19.7224
0.010166
0.11253
0.0136074
12.1771
1.62289
1.41057
0.222273
1.53707
0.315974
1.4923
0.0625219
0.16632
0.0911851
1.67959
0.0415104
0.068843
1.55678
0.192459
1.06561
0.101287
0.881246
4.28047
0.0612817
0.234742
0.0428143
0.244135
0.131361
1.35032
0.479506
0.796961
0.0934894
0.127727
0.0449173
0.574798
0.586854
0.158276
0.203731
0.0403099
0.71595
2.71315
2.07034
0.0146462
0.200464
0.0208327
0.0190812
0.0897592
0.22195
1.04504
0.62384
0.291073
3.82586
0.326346
7.54092
0.0710681
0.570782
1.25294
8.36289
0.0328485
0.0365948
0.0558968
0.165686
4.38511
0.0997303
0.0126889
0.231008
3.91236
17.012
0.152575
10.6382
0.105805
8.99517
0.339372
0.326649
0.135288
0.065835
0.0302936
0.86517
0.189234
0.0219839
0.472761
0.343108
0.0852803
0.15061
0.518311
0.974707
1.12764
0.0730714
1.13573
0.106137
0.475498
0.126408
3.55057
0.113249
0.170475
7.40449
3.8395
0.851577
0.158471
0.692846
0.0813244
2.63402
0.665577
0.175025
0.171955
0.878885
17.0658
0.769934
2.16268
0.370128
0.704156
0.467815
0.250671
0.111138
0.105605
0.0946832
0.091644
1.08036
0.0803404
0.106394
0.0719632
0.126332
0.183657
0.250067
0.695938
0.221827
0.0348241
0.132825
0.0937268
1.6331
0.672243
0.486404
0.164927
0.328691
1.1382
0.743507
0.186627
0.269962
1.54391
0.207022
8.29169
5.80325
0.798043
19.9201
0.0126383
0.958763
0.611349
0.17188
0.240418
4.40421
1.46707
0.557461
0.280992
0.535661
1.22911
0.0913263
0.233774
1.57642
0.0200282
0.0382605
0.0321601
0.731244
0.133173
0.0181233
1.26442
1.31084
0.0142864
0.0856295
0.614556
2.3505
0.593889
0.366666
0.0699194
0.0736556
2.66671
1.77664
1.54058
2.71538
0.899323
0.290274
0.173708
0.326257
0.787224
1.43347
0.0438059
0.113036
3.08208
0.0140516
0.286015
0.0233996
1.4093
6.21101
0.0348642
0.142278
0.56347
0.971367
0.0598921
0.0758909
0.380029
0.0203483
0.0704723
0.719189
0.0400364
1.05909
0.299508
1.81469
0.101019
1.64846
0.0658063
0.13404
0.0633691
0.241388
0.0317091
0.272196
0.0617588
0.0178205
3.42655
0.376187
0.243538
0.0521108
15.2061
2.0135
0.40014
0.0896251
0.60667
2.58623
0.268616
0.263551
2.12969
6.91228
0.105734
0.0608809
0.347425
0.151577
0.0194694
0.0140052
0.107879
8.49803
42.8147
0.286489
0.0960813
0.0138632
1.24907
0.100236
0.030174
0.217807
0.0619644
1.34562
0.348891
0.271538
0.291251
0.165569
0.45407
0.098107
0.048963
0.87322
1.09344
0.0283995
0.0270677
0.116906
1.96409
0.201525
10.4615
0.0382272
0.0957522
0.278092
0.215982
0.122503
0.121467
0.270117
0.836126
0.251843
0.435547
0.0204808
0.826075
0.0195832
0.0567935
0.89605
1.12724
0.188868
0.125943
0.194422
4.03592
7.77335
0.688573
0.0703109
0.0309323
1.12711
0.671311
0.323955
2.59832
0.0900391
0.412661
0.129831
1.1804
0.196699
0.0706704
0.0707029
0.161265
0.0816323
0.469901
0.11825
0.458756
0.401418
7.95692
1.51069
3.21346
0.0252745
0.125455
0.359286
3.29028
2.2092
42.3328
0.0121505
0.0819021
0.259681
0.365679
0.136728
0.138566
0.156769
0.0470282
0.308942
0.248399
0.131204
0.0866844
0.0315529
0.46592
63.7786
0.0304385
1.31638
1.81606
1.9701
1.03464
0.136315
0.510911
0.493755
0.133858
5.28306
2.03789
0.155405
9.69681
1.02111
0.850463
0.620996
0.316614
0.124615
1.25328
0.0129004
0.503994
0.37008
0.245127
0.121074
3.49435
0.39986
0.115354
0.716845
0.11307
0.203269
0.089205
0.716845
0.0452066
0.0291152
0.110156
0.318642
7.51894
0.569329
0.0410207
0.182959
0.222301
0.557651
0.378562
4.46426
0.132701
14.0549
0.498608
1.3895
0.442379
0.0757809
4.22222
0.0253433
1.06162
0.0490154
12.7838
0.356951
0.0411656
0.0820962
0.559471
4.56406
5.85145
0.0406417
1.08974
27.341
1.34704
0.149669
1.16501
12.9036
2.36494
0.248042
0.0513969
0.214915
0.139952
0.425495
0.0431248
0.140176
0.715114
0.297589
9.11873
24.6447
4.59819
0.160633
2.63353
2.91189
0.0557939
1.61291
0.0126402
0.382352
0.0159929
0.500541
18.8818
0.302288
0.265056
1.84333
0.0224309
0.0330825
0.0716646
4.17336
1.64565
0.224434
0.0427698
0.385506
1.59859
0.0629397
0.431676
0.28547
0.0431907
0.0448619
4.58318
0.0657982
1.12811
3.49927
0.103987
0.405437
0.0541496
0.151846
0.0975172
2.17121
0.159661
0.0657357
5.72791
3.95844
0.123097
0.575461
3.53614
0.204694
2.28615
2.66869
0.374026
1.42878
0.135674
0.201331
0.107849
0.0596553
3.22441
0.190966
0.292956
0.0113432
0.0698744
0.743057
0.088423
5.93249
0.140931
0.0162988
0.600574
0.0267042
0.38157
1.31152
0.0904111
0.582292
0.1242
0.0168795
0.321299
0.0228569
0.719005
0.154003
5.42146
0.0120326
2.92426
0.19273
0.0372261
0.402283
3.2002
0.329181
0.0822216
0.136105
0.0939667
0.986336
1.52397
0.67323
0.632028
0.0143858
0.127853
1.31793
0.548915
0.21805
2.27294
0.51294
0.0554793
0.0316138
1.01311
0.0854309
4.50154
0.112809
0.0707529
0.0244335
0.0216948
0.0811471
0.299941
0.164761
6.55263
0.970507
0.273272
1.08688
0.0129563
0.113783
0.399699
1.3198
0.174504
0.263109
43.2277
0.17925
0.103837
0.417853
21.3697
3.46009
6.28414
0.960369
1.12479
0.0376414
6.18408
0.10907
0.0663032
0.0512097
11.6878
0.083514
1.10167
7.1856
0.207793
1.27612
183.455
0.205132
0.0373956
0.21934
0.0276392
0.248789
0.228173
1.21836
0.642275
0.011371
0.0972798
1.2386
0.138993
0.0602933
0.176776
0.188568
322.745
1.02322
0.147093
0.189638
0.181677
0.925329
0.253134
1.29318
0.346781
0.0901921
0.334634
0.125971
0.193316
1.08178
1.72611
0.227373
0.0100336
0.0276361
0.193762
0.507066
0.0618931
1.03976
0.0166339
0.437011
0.652418
1.96516
233.967
0.112664
0.0180189
0.0913663
0.925905
0.0143232
0.470482
2.57009
8.22907
0.0177695
0.0453156
0.112426
0.207163
0.138201
0.166282
0.0209029
6.63124
0.0205289
0.294946
0.0904768
0.299476
0.263738
0.0249526
0.176857
0.0108086
0.0639799
0.182299
0.137516
1.15204
0.756267
0.071435
1.00411
8.80838
0.0372445
0.164445
0.0733594
0.283219
0.815128
0.043817
1.38155
0.0111596
0.644575
0.222269
0.132136
0.295044
0.01314
0.194847
10.1511
0.163111
2.50486
3.34814
0.485418
16.6589
3.17017
0.0796373
3.38228
0.279585
0.074489
0.690773
8.26532
7.07162
0.465223
8.65947
0.292597
0.103775
0.0401361
0.0382665
0.954245
0.0230375
0.129288
0.0397519
1.94094
0.0476298
0.23195
0.104254
0.12864
0.0542224
0.57054
0.101311
2.26192
0.0886877
0.612665
0.470832
0.596618
1.05291
0.227881
0.345458
0.133249
0.0893933
0.050335
0.116429
0.124969
0.30158
0.114488
0.223853
0.392947
1.13496
0.648974
0.33175
0.124199
0.0280413
0.161024
2.35448
0.510821
0.169934
0.0407463
0.0965379
0.165567
0.102627
0.832669
0.284468
0.604897
0.855893
0.507513
5.17094
0.0121109
0.111288
0.168097
0.10352
0.397875
0.0469627
0.959979
0.334439
0.309855
0.746049
0.150318
0.0394553
9.89774
0.18215
0.646044
0.026126
0.0519918
0.146276
1.65571
0.239053
0.177688
0.0552753
0.0588218
0.0653716
0.300278
0.309366
2.20769
0.0439265
0.904219
4.15449
0.213059
0.164824
0.256603
0.0635848
0.144918
0.177613
1.14737
3.45204
0.420991
0.0761658
0.0538564
0.0393698
0.477054
0.327319
0.461388
0.0127411
2.92022
15.3081
1.69739
0.108681
0.062907
4.01633
0.119378
0.0415148
0.810354
0.0569027
0.184013
0.262679
0.299839
0.414263
0.027957
0.0486507
0.0290488
0.321299
0.048574
0.203013
0.0604678
1.13749
0.0496491
0.0416653
8.4085
0.17913
0.0978327
0.236404
0.318902
0.0313475
0.0615859
0.127853
4.19206
0.623767
4.89576
0.100677
0.0106245
0.854873
0.324578
0.118034
1.31562
0.30576
0.0782149
0.199463
0.149669
0.0751308
4.70997
0.8198
0.200822
1.34172
0.235179
30.7124
0.407521
2.07348
3.08482
19.0746
0.176202
0.36673
0.12247
0.116508
0.250303
0.0975948
0.329689
2.05604
2.49418
0.185462
0.162233
0.452384
23.3593
0.343278
1.00289
0.0373192
0.323273
1.40496
0.0705433
0.11436
0.0477576
0.225724
0.119083
0.0886808
0.717392
0.438721
0.0509691
0.100501
5.08523
1.09154
0.103195
0.229454
1.04645
0.182047
0.139447
0.136231
1.23942
0.674882
1.438
0.0797962
1.44172
1.48674
4.6755
0.526239
1.91951
0.0534261
0.792813
1.24145
0.303691
0.172046
0.212882
0.195169
5.13794
0.0215609
0.676526
0.0820962
0.154397
0.0167991
0.684016
12.2785
0.138537
0.18395
0.706769
1.01775
0.139231
0.0862224
0.0421434
1.03932
1.00746
0.582666
1.86215
0.072208
0.347303
0.636052
0.165079
0.208569
2.30467
0.826501
0.045988
0.36731
0.431729
0.181359
0.527358
0.0874377
0.149808
0.0434285
0.205984
0.0336917
0.445868
0.0986974
0.614234
0.0216483
0.0487432
0.270022
0.141155
0.18639
0.0282453
3.92724
0.0511718
0.0411114
0.509327
0.427871
0.136945
0.331325
0.0149337
0.319544
31.2875
1.1996
0.111623
0.33176
0.629235
0.490709
0.554878
0.813209
0.076526
0.301555
0.0286015
0.256651
0.605316
0.532743
0.0467118
1.19394
0.201329
0.0212042
0.597782
0.503686
0.645353
0.202296
0.102626
0.446478
0.0134429
0.0296024
0.379046
0.441024
4.88497
0.0757879
0.139718
0.132543
35.8973
3.42519
1.33533
0.218654
0.193738
0.508679
0.197405
0.308345
0.0896841
0.0880998
4.27204
0.528117
1.24242
0.0966472
0.20326
0.960334
0.416559
0.30403
0.38031
0.534587
27.7972
0.335221
0.0441336
0.0520234
0.0675056
0.319323
0.114452
0.749855
2.82375
26.3968
0.0329843
1.65745
0.0217282
0.236885
0.354306
0.226022
0.678535
0.520583
1.80799
1.99236
0.124036
0.36877
0.0315699
0.774392
0.19168
0.15595
0.16068
0.107627
0.3496
0.0535791
0.26643
0.171187
0.0551965
7.07482
0.266161
0.0960813
0.0623075
0.0337701
1.09918
0.479411
0.458028
0.287306
0.120518
0.0277629
0.785643
0.85597
0.61239
1.9482
0.0644658
0.912457
0.313114
0.704824
0.205132
0.330799
0.0553512
0.404985
0.029084
0.0160624
0.0557756
0.222781
0.014373
0.712892
0.467495
0.369093
2.56295
2.16016
14.9918
0.719462
0.389562
0.400895
0.0316027
0.872268
1.23458
0.0420136
0.114636
0.201039
2.1292
0.393573
0.153253
0.0559615
0.0341369
1.21093
0.605267
10.0283
1.03989
0.171184
0.0663032
0.337806
0.301446
0.0897571
11.4658
0.218504
0.0336215
0.297724
0.0599529
0.194058
0.562961
1.31707
0.0164139
1.40453
1.49327
2.3926
0.71453
0.311211
0.0626268
0.18206
0.0736538
9.00425
0.0299839
7.64735
47.9001
1.81903
0.0728735
1.77103
0.0958513
1.22251
0.454981
0.214285
0.0119752
0.261665
20.971
0.0703109
0.674107
0.217995
2.98354
1.04421
0.388687
1.55028
0.04435
3.5043
0.411364
0.358397
10.8383
0.42233
0.141111
0.359715
0.0996224
0.411236
0.900511
0.171587
0.519365
0.0697198
0.266161
0.334104
0.33767
0.595725
0.0543951
0.0110068
0.0988699
2.26385
0.100233
0.0473742
1.19973
1.06426
0.0591396
0.103534
1.28802
2.68135
0.0331345
0.0834997
0.227877
0.178554
0.0829943
0.0992117
1.49615
1.46545
1.7958
1.26346
0.0912346
1.04701
0.616689
2.06215
0.242525
0.0837018
0.183242
0.0831219
1.37436
0.0266542
0.70154
0.363675
4.57737
0.54657
0.0158698
0.266
0.131746
2.35731
1.23294
0.168728
0.999321
1.85991
3.93774
2.52237
0.0315252
0.14885
1.12097
0.949801
0.0261972
2.45916
0.319014
0.0326373
0.117125
1.36225
0.681965
0.0991287
0.0670515
10.5232
8.82794
0.568432
4.12858
0.906294
0.177966
0.336872
0.851049
0.37348
0.114817
0.0428996
0.205448
1.9045
1.58495
0.57137
0.565762
0.0113333
2.58798
0.303777
0.0179003
0.314481
0.434563
0.0364088
78.8491
0.368026
0.677732
2.66152
1.03355
0.816276
0.232047
0.083847
0.101197
0.114468
0.0546017
0.427564
2.1523
11.9775
0.280377
0.0433931
5.85566
0.0478616
0.176298
11.1802
0.0587661
1.06446
3.78767
163.053
0.117156
10.0498
0.0417823
15.3193
0.24473
0.899092
0.908636
20.2948
0.721494
0.992822
1.17665
0.115305
0.0312695
0.906502
0.0489323
0.170537
0.200281
0.300585
2.36597
0.778145
6.45516
0.214772
0.310873
0.034648
0.0399175
0.189916
0.0623343
0.0920311
1.91662
1.74978
0.0501708
0.126407
0.861387
0.174344
0.711621
0.897775
0.10442
2.4035
0.903318
0.813176
0.042334
0.0231357
0.105269
0.140316
0.0126919
0.627691
0.177087
2.12705
1.12139
0.898546
2.62356
0.643879
0.966643
0.65202
3.42375
0.199136
0.168961
0.0628144
5.2245
0.883218
6.66816
0.148505
0.117371
0.335346
0.0366689
0.0769551
0.161363
0.178825
0.0231808
0.381957
1.75435
21.913
5.56948
0.550081
0.622146
0.483293
0.989531
0.69172
0.0488294
10.5473
0.967033
2.16728
4.37243
0.0694546
3.49149
0.0298374
1.67958
0.153906
0.212182
0.0949902
0.295135
2.75794
0.961247
0.528138
0.791823
0.0597088
0.658324
0.0609344
3.78484
0.0189668
0.207131
0.0329574
1.63543
0.0529071
0.0173496
1.82746
0.217719
0.169906
0.0912752
0.243973
0.0538363
0.111058
0.600517
19.9958
4.40422
0.0325055
0.0316996
0.292667
0.712956
1.24843
0.405437
0.16632
0.498135
1.04153
0.0904111
1.62027
0.0660317
4.79871
0.0431112
0.27257
0.291073
0.131625
0.108884
1.96445
0.0259983
0.185461
0.0555012
0.587661
0.251997
0.264334
0.056449
0.336759
0.180085
2.11483
0.141311
1.21253
0.229109
0.0900562
0.0119734
0.347117
0.159206
0.0215316
0.0526873
0.256961
0.761925
0.0102717
0.032449
0.540585
0.980648
0.216781
0.0820962
0.401361
0.0322716
2.67648
0.144914
3.76924
0.665707
0.558269
0.0433468
1.03141
0.801357
0.0119247
0.0726136
0.0433119
0.26985
0.833162
0.398802
0.653885
0.0406206
0.22753
0.664908
0.44873
0.202061
0.0583011
0.262408
1.16881
0.0600944
0.0484871
1.26642
0.0965939
1.32814
1.08131
0.0456887
0.0972904
0.033431
2.38333
0.0427154
0.0895374
0.206077
0.889486
0.0286167
0.190199
0.211249
2.92824
0.0682483
0.245937
0.813015
0.118656
0.244322
4.36581
0.0594749
3.73211
0.078501
0.0288138
6.07293
0.649339
0.0390226
0.150484
1.01595
0.127364
0.528542
7.58288
1.35817
0.146927
0.0965395
1.4041
0.0430468
0.0968729
0.190105
1.49788
3.10058
0.0727857
2.05029
0.0559399
2.1501
0.032124
0.0279488
0.732967
0.148217
0.911565
0.162757
0.88529
3.47758
10.9949
1.401
0.134936
0.325171
0.17038
0.340396
0.0493526
4.51866
0.39703
10.4547
0.715006
0.110627
1.53535
0.115632
0.102503
0.0142536
2.74917
0.0608954
0.0225887
1.84208
1.33501
0.12095
0.0131261
0.421027
0.13765
0.338728
0.181455
0.132265
0.05544
0.126957
2.37754
0.607402
0.364034
0.0613214
0.605705
0.214285
0.147435
27.1388
1.40482
0.0433119
0.203731
3.57069
0.0402339
0.127881
0.328169
2.20595
1.59216
1.82871
0.443385
0.0477733
0.0794158
1.0519
0.054952
0.45938
0.330883
0.0457887
0.345334
0.236559
0.371042
0.431522
0.0561183
0.0384643
4.45094
0.0516084
0.0122871
0.0370102
0.0304749
0.0186313
1.48725
0.0829557
0.0467322
1.86484
0.0216066
21.9522
0.880713
0.0338575
0.0663032
0.0107224
0.59255
0.261294
0.102344
0.188183
0.492183
0.135118
0.0298397
10.8119
0.321601
3.09018
0.194156
0.246982
5.66543
0.166394
2.89554
0.246417
11.5444
1.84925
1.17527
0.52384
0.0396442
0.184743
0.291251
0.614842
0.52723
0.100956
0.361781
2.34592
0.081024
0.875236
0.0835144
17.4752
0.32069
0.0583973
0.876789
0.122522
0.250322
0.0388784
0.772969
0.773214
0.0785605
1.4575
16.6846
1.33698
0.334634
0.415179
0.554559
0.705135
0.201525
0.0271398
1.12063
0.0310608
6.43456
1.56594
0.0687525
0.240942
0.436571
0.0351351
0.34196
0.228157
0.0720095
1.31249
0.185154
0.421052
1.29978
0.205906
0.062896
0.307031
0.198203
3.43716
0.373253
0.1916
0.255598
0.665297
0.713399
3.91649
0.133083
0.0483476
0.144788
0.259592
0.0583698
0.0107534
525.034
0.717245
0.505805
0.69005
0.176037
0.233798
0.532264
0.608096
2.68671
0.148612
0.0690961
171.444
0.0564743
4.61608
1.79703
3.22634
0.170902
0.49071
0.0503413
4.89576
0.813244
0.0746406
0.340765
0.504778
0.112218
1.15451
0.0914247
0.677803
0.172671
3.90166
0.899138
0.0697837
0.268114
0.0144953
0.0190115
0.0858844
0.169032
0.919324
0.127276
27.1689
0.521688
5.6104
0.128045
0.0361788
0.254337
0.099339
0.319588
1.36576
0.673698
0.448118
0.146145
0.18909
3.29798
0.0214324
22.7667
1.98438
0.614234
0.0398799
0.0568483
0.023597
0.0751364
0.163903
0.20955
0.164362
0.974006
0.498457
0.193397
0.947299
0.151024
0.766365
1.05626
0.282521
9.8549
0.0193932
0.0428972
0.306836
0.938488
0.257185
0.128582
0.0530299
0.0731711
0.272149
0.897161
0.0485385
0.113653
0.172486
0.555086
5.31282
0.190105
2.91392
0.0215359
10.7698
0.246833
0.49476
0.372543
0.0970836
0.196214
0.217333
3.29476
1.83859
0.16058
0.179
0.542011
5.79295
0.571641
0.0725242
0.0398157
0.0566382
0.123093
0.0346768
0.2313
3.20121
3.51062
0.0460564
4.32764
0.0733819
0.0528792
0.0264098
16.6255
0.126142
2.35997
0.102063
0.0959699
0.155923
0.0760564
0.0682483
0.644982
0.0312958
0.506552
0.174965
4.93947
2.08927
0.256293
0.0506257
0.0807948
0.0700058
10.9778
0.730714
0.244561
0.249155
0.863339
0.0856956
0.193513
0.306381
5.90559
0.146946
4.74172
0.0302445
0.0233606
0.117267
0.0322163
0.148096
0.261892
0.0854887
0.181455
0.385562
0.113924
8.93333
0.028126
0.356862
0.990665
0.143329
1.31694
4.9407
0.123881
1.8129
0.16081
7.44596
0.0926579
0.235056
0.0544665
0.568083
48.0013
0.231412
24.6684
1.05623
3.26778
2.82102
0.0398785
0.554029
48.8578
0.320878
0.0644658
0.84677
2.09456
0.0596794
0.413636
0.1023
0.268759
32.8519
0.195034
0.0760575
0.822726
0.0909777
0.0364423
0.0679607
10.2779
0.0264565
0.038332
0.922511
5.7996
0.0133728
0.180896
0.139507
0.197009
0.499935
0.279585
0.945727
0.0402148
10.4718
0.0467969
0.0425539
0.691868
10.8537
0.687493
4.41134
5.171
0.0796382
4.63552
1.48796
2.85581
0.0285914
13.4752
0.284855
0.0714573
0.157256
0.997787
0.215798
0.752536
0.167028
11.477
0.0666475
0.0483784
17.3304
0.815063
0.0382212
0.0705776
0.766842
1.43669
0.0170009
0.258856
0.156769
4.59876
1.45805
6.66896
0.314512
0.0700791
41.8978
0.211671
2.99926
0.12512
1.35278
0.0342942
0.0500657
0.115919
3.92549
0.631698
0.0982061
0.0479137
0.764539
0.182047
0.173475
0.0940974
0.0724589
0.517596
0.416241
0.167155
0.258288
0.142711
1.67792
0.259026
0.12093
0.0357609
0.733749
41.2807
5.78362
54.7178
0.0452085
0.891264
0.557546
10.3403
5.2986
0.367825
0.257863
0.0455395
1.1705
0.255062
0.303933
0.0604851
45.9929
0.427195
0.352849
2.33958
2.65586
0.667929
0.107652
0.0369008
0.179273
0.188819
0.18215
0.0582778
2.99802
0.730733
13.5538
112.64
0.327076
0.615686
0.39072
0.0384766
0.574785
1.44465
0.0429124
0.470335
0.603368
1.65474
0.420708
0.0612817
0.0915683
1.30621
12.7225
0.338197
0.094388
0.0988116
0.160649
0.17639
0.620881
0.109684
0.576201
2.09949
0.119426
0.432176
0.561103
1.54857
2.99171
0.314757
1.91345
0.0412797
0.971647
10.5173
0.0563095
0.18087
0.129311
0.106006
2.84457
7.02271
0.205985
0.348205
1.09244
0.0659417
3.83238
0.0187313
0.532507
0.449843
0.182639
0.0259964
1.08047
0.278195
0.241819
0.490978
0.160614
0.118764
0.0891763
0.0113112
12.4072
0.0779676
3.07604
0.242729
0.0862224
1.69858
0.230694
0.24194
0.463945
2.90213
0.0218772
0.0677568
0.0802721
0.0447706
0.74287
0.0804456
0.155288
4.31429
0.884687
0.407841
4.16085
0.252401
0.327444
0.0745346
4.33054
15.5663
41.0083
0.0521216
10.5608
0.017696
0.278092
0.381944
0.641098
0.256092
3.38762
0.568535
0.683096
16.2297
0.0554878
0.0207843
0.121095
0.0782972
0.037545
0.557359
0.167317
0.157865
0.0472724
0.082331
0.582899
35.0805
0.317663
13.8655
0.164362
13.9433
0.463863
0.103644
0.285328
0.793064
0.26785
9.13654
0.0304672
0.0610806
0.0651152
0.455999
0.173022
2.13591
2.50456
0.233278
0.0531474
0.662313
0.550164
0.52482
1.22073
0.156815
0.119802
1.25929
0.899267
2.4518
0.405437
0.168835
0.189625
0.30845
0.401418
0.0223612
1.49431
1.01617
0.841218
0.0646553
0.475338
0.0223238
0.342515
0.77296
0.162409
0.0629629
0.57792
0.230707
0.836115
0.132006
0.113871
13.2459
0.120579
1.73369
0.156769
1.68338
0.0557466
0.305478
1.43564
1.34866
2.51183
0.412666
7.45613
0.161509
0.0893039
0.0613953
0.499002
0.809946
0.129505
0.106058
0.314809
20.381
98.744
0.0289575
0.124199
0.118279
0.0610806
1.80569
13.525
0.0399653
1.61462
0.503202
0.174645
11.569
0.464122
0.280992
0.22527
0.010477
0.702051
0.334592
0.407993
0.0194533
2.43722
4.3562
0.0754419
10.1855
0.12097
8.12391
3.17938
0.577436
0.0628008
0.316802
1.12146
20.3798
0.38021
14.1456
8.74238
0.40524
12.4486
0.0517797
9.9983
5.40186
0.13934
1.37505
1.21365
0.51213
0.0370477
1.37446
177.827
0.360183
0.30066
0.494808
1.41646
0.0519519
0.347212
0.0504782
0.0258594
0.0355376
0.593282
0.53971
0.548915
0.766837
0.317924
0.112693
0.100836
0.0623075
0.0597092
0.236576
0.0130296
0.193012
0.0635848
2.61288
1.28772
0.0357418
3.39341
2.64905
0.582049
0.0839445
0.0630135
11.0641
0.0866844
0.502143
0.0690074
0.235135
0.145571
0.470961
0.128516
6.96975
5.16996
0.225113
4.15795
0.284729
14.1544
0.0600941
0.322691
0.0279506
5.96958
10.2156
0.0932572
0.0355376
3.52813
0.218511
0.19407
0.0142769
0.983867
1.14714
14.6452
0.220632
1.76298
0.116066
1.77116
0.224629
0.593439
0.12558
3.50338
0.218417
1.77732
0.470508
0.183045
0.0377736
0.422789
0.472317
0.973954
704.584
5.782
6.99512
0.0835708
0.407456
0.123723
0.0227488
1.24966
0.167155
0.0394988
0.150882
3.18501
0.263592
4.80355
0.141805
0.0504778
0.0471343
0.936948
1.15808
0.361907
1.21701
0.745265
0.109757
0.557471
0.0289506
0.135011
0.22818
1.34633
3.57174
2.7448
2.43915
0.121502
0.438827
0.232133
0.564646
10.7757
0.189176
0.108109
0.141917
7.95804
0.687144
0.454728
0.550613
0.0103353
4.15863
1.33082
0.0900391
0.939814
1.16035
17.4855
1.90246
0.497478
0.276009
0.321782
1.20411
0.389638
4.6295
0.0188876
0.113698
3.35587
0.0186189
1.96792
1.51568
0.141057
0.0298397
0.458549
0.363979
0.13404
3.85277
0.052176
0.32801
1.97049
0.0551249
0.136463
0.0855113
0.252934
0.891874
0.888665
4.05273
6.05132
0.0140528
208.232
0.0557723
0.280559
22.8792
4.95679
0.22877
0.776279
0.386486
12.3831
0.909313
1.11918
1.03079
1.75667
0.0369741
6.05097
0.235809
0.125879
0.630181
0.275362
0.0955184
0.0212315
2.54491
0.287949
0.0602791
0.0239172
0.0164356
0.183682
0.278375
38.5817
0.144608
1.01458
0.039548
0.146143
0.0587661
0.0392888
0.0261181
0.125228
1.01486
0.0546017
0.157256
1.83218
2.14221
0.0517408
0.151496
67.2798
0.394468
0.511379
0.388335
1.8352
0.180823
0.202404
0.171249
0.719258
0.0496637
5.82459
0.0473928
0.0546017
0.275022
0.313846
5.18886
0.068364
0.109027
0.191308
0.125456
0.0243966
81.6935
6.14733
1.93147
0.0820962
5.14922
2.18733
2.41907
1.26052
0.45283
0.452384
0.0140254
0.166633
0.105324
0.0328512
0.0222699
0.249592
0.476951
0.379276
1.38537
0.445888
0.282601
0.0653716
0.0600944
0.694792
0.232814
1.1049
5.55607
0.0496695
0.731565
0.0833701
0.257653
0.219551
0.273944
0.355969
0.196806
0.0107908
0.306777
0.028525
4.51666
0.458546
0.467218
2.76877
1.89442
0.0604629
0.287624
0.3494
0.225796
1.24264
5.55952
9.48606
2.22999
0.206226
0.255967
0.280782
24.4147
0.366484
0.987177
4.88255
0.192412
0.283397
0.359354
0.353714
0.126857
0.176438
0.14031
1.12736
0.454488
454.648
0.258692
0.3942
0.231005
0.49242
0.0745392
0.760944
7.87366
0.0485227
0.468329
0.180078
0.57948
0.439999
4.58005
0.0972663
1.73936
0.0270143
1.27977
3.51463
1.06645
0.0373231
2.87018
0.0605658
131.691
0.729203
0.507902
0.044777
0.0354076
0.0980823
0.0752418
1.25572
7.38275
0.0612856
0.47004
0.0100998
1.78497
0.0322168
0.433067
100.669
2.06477
0.216781
0.491928
1.24342
0.055671
0.350206
0.243523
0.0843279
0.0669214
0.0914123
0.0814773
0.127606
0.269962
15.6195
0.0336895
3.15561
5.99412
27.818
0.611691
0.0236609
1.16916
0.695082
0.0386378
1.30792
9.3555
0.0239794
24.6803
0.509219
0.86213
0.623332
0.22126
0.310859
4.7633
0.0437465
0.528117
0.840556
0.906533
9.74935
135.815
0.130936
0.099397
0.181178
0.0407627
0.650536
7.66422
0.0966472
0.341347
1.82205
0.0827712
0.0178529
3.97179
0.809998
1.23636
0.127678
0.335471
0.271021
0.028823
0.105043
0.0338031
0.0216935
6.61724
0.498829
0.0811471
0.158162
9.74038
0.67747
1.08567
0.215345
0.487783
0.0396847
0.142864
2.23035
0.239403
0.0329574
0.0913464
0.290385
0.174359
0.0100398
0.815732
9.33739
0.10377
0.0610817
0.741872
0.0184567
9.61421
0.868587
5.06986
0.0187658
0.982075
5.43729
45.278
0.326134
1.5785
0.0500143
0.0316593
0.0905352
1.06149
0.21166
0.78861
0.634286
0.312811
0.763674
3.31951
0.207131
0.0318711
0.936728
0.0108159
0.0461693
1.31873
0.264127
18.1453
0.0461294
0.380153
5.4773
3.40894
0.687334
0.537634
0.380379
0.0371587
0.150828
3.68327
0.791277
0.104945
0.0503203
0.0522633
0.218684
0.486991
0.0106387
0.538334
0.107865
1.29925
0.0327022
0.0140444
0.0108855
0.0290821
0.156769
0.0538003
0.0405298
0.72496
0.381308
0.0127801
0.582292
0.0460269
0.037703
0.92271
0.542011
0.145769
0.0816483
0.0552352
0.0473348
1.13444
0.3819
60.6579
0.226323
0.0782914
0.030575
1.04532
0.058259
0.204745
0.107673
0.0252626
0.0625169
0.0258161
0.0878122
0.573182
0.102473
0.428509
2.17557
1.07764
0.274095
14.8334
0.0322489
6.05114
0.596877
7.22438
0.812134
0.918625
22.9073
0.369744
0.446043
0.264772
0.0806199
0.141884
0.0235495
0.221163
0.15351
0.218478
0.898527
0.0699856
0.0283767
0.181187
0.36901
0.147046
0.0727857
0.697052
0.99779
0.488645
0.703382
0.132093
1.04708
0.0398583
0.113091
0.0831971
0.0226218
0.0709866
0.0689127
0.41153
0.0681186
0.0379117
0.856791
0.290386
2.17137
0.130352
0.0575625
3.72492
0.621542
0.132868
0.119735
7.11799
0.173021
0.334793
0.227187
0.363198
18.2692
0.0703826
0.0427877
2.41623
14.4065
0.30423
0.0637916
0.0375113
0.975639
0.490339
0.0481442
0.0679475
1.01471
0.130743
2.23482
0.57745
0.0296192
0.359753
1.12705
0.22587
6.72188
3.1464
0.448222
0.0264064
0.416657
0.0860262
0.846145
0.085688
2.41776
0.433079
6.99756
0.0983567
0.091365
1.60966
0.331378
0.290479
1.0234
0.0807279
1.53326
0.582167
1.22775
0.391684
10.5244
370.931
0.232188
0.188012
0.621839
0.0537963
0.27143
32.7979
0.841336
0.0193153
0.586182
2.3303
0.14079
0.115742
0.596196
0.377947
0.552753
2.26496
0.0944283
0.0219507
12.7324
1.11459
0.842263
0.283834
0.250303
0.201525
1.4367
0.084927
0.0612817
0.0927297
0.0730714
0.0278231
0.0444254
2.90112
0.768323
0.146126
4.82901
0.583669
0.226799
0.0710225
0.0392492
0.180358
0.0254353
0.0351188
1.02174
14.4343
0.29905
1.09686
2.58544
5.57086
0.905151
0.0583705
0.0526712
0.151818
0.612747
0.0441078
0.0148019
0.0506158
1.34709
7.92256
4.13915
0.563043
0.0247957
0.90067
3.48048
9.37786
0.325837
0.0665585
0.0667421
0.0479735
0.218506
0.263901
0.63147
0.0266662
0.317321
0.091365
0.165338
0.110829
0.133965
0.659363
0.0726591
0.142779
0.0103758
0.394742
0.275028
0.903938
0.264737
0.122588
0.510887
0.0308204
0.300472
0.163694
0.155841
1.4465
0.185851
1.49346
0.148473
0.0426577
0.111067
0.0324404
0.185461
0.0442749
0.0847117
0.030828
10.4573
0.27614
0.321029
0.520726
0.107006
6.19332
1.08922
0.168092
0.386229
0.0542847
59.6758
0.0171491
1.87153
0.266244
0.408895
0.12317
0.0878505
0.462822
0.0763942
0.18365
1.09127
0.19303
1.52156
0.181956
0.60287
8.15434
0.560387
0.622169
0.143256
0.248995
0.203428
0.375102
1.44947
0.247993
0.0369826
0.433117
0.0373942
0.406625
0.176857
0.0909187
0.176508
0.590417
0.0404379
0.197029
0.218315
0.298099
0.0193089
0.0960614
0.065401
0.144759
0.0381917
0.639208
4.4902
0.0579036
0.0250029
0.559172
0.18395
0.273178
4.97575
0.0670194
0.093964
0.682118
1.92163
0.0311899
0.863632
0.383421
1.15501
2.92361
0.263034
0.112478
0.15735
0.0229226
0.365343
0.901811
0.0836006
0.0713477
0.0787309
0.0557052
0.24923
0.0901081
0.0966679
0.0975054
0.422529
0.0573862
0.776013
0.0603693
0.0891763
0.468386
0.0430362
0.31532
2.12767
0.112996
0.893501
0.0801124
0.17207
0.453553
0.288883
0.091749
0.484821
11.9922
0.129401
0.0121903
0.618336
0.0235179
0.268977
0.0163363
1.50161
0.255211
7.21986
0.0259411
0.184359
0.0208013
0.0717604
0.0952595
0.162406
0.610299
0.361152
1.40272
1.19722
0.314435
0.108935
0.632462
0.0471518
0.109973
20.8194
0.96977
0.269124
0.510768
2.27685
0.582666
0.0309228
0.650342
3.41589
2.76757
0.0142683
0.41825
0.037452
0.10022
1.81969
0.139544
0.0305146
0.260375
59.3769
0.0775808
0.117623
0.109025
1.28932
0.0381973
0.58959
64.3338
1.09738
0.324317
0.0264603
3.65345
2.60515
1.24775
0.0399637
0.295881
0.105405
11.7561
2.75851
0.0303392
0.503686
0.0543076
0.0433701
0.188947
5.43574
0.0716646
0.0891128
0.726122
1.71325
0.302189
0.828269
0.0452708
0.275513
0.0241928
2.13273
0.13023
0.739438
0.0783284
5.84799
0.297457
1.04486
0.0370317
0.424326
0.0172827
1.31328
3.22587
0.406291
0.503432
0.395143
0.0554137
0.296717
0.0594652
0.103413
15.4978
0.485458
1.52417
0.424944
0.188325
0.495924
62.3592
1.66265
1.06998
0.297834
0.260688
0.255456
0.0377751
0.190105
0.233908
0.346399
0.129844
0.0856203
1.31253
0.225416
0.0962577
0.166622
0.135138
12.3394
0.0605532
4.55315
6.74975
0.679576
0.278379
0.0730921
0.259678
0.428305
16.1879
1.06671
0.0185526
0.020192
0.518866
1.26384
0.190105
0.598674
0.129831
0.215181
1.55683
1.70758
0.182642
0.707045
0.552479
5.8093
0.452829
0.078412
1.23546
7.49208
0.545986
0.433325
0.171697
99.8642
0.0597088
0.128282
5.69673
0.0306465
0.120323
0.359608
10.6255
42.791
0.0169699
0.140391
0.21709
0.0643751
3.04842
0.906143
0.053681
0.0991523
13.6411
0.263074
4.67118
0.0554767
0.0501404
0.13289
0.11346
0.306749
13.0504
0.17439
5.95266
0.0132642
0.257628
0.10406
0.279877
9.05253
0.145015
0.0569673
0.0458003
10.8214
0.171955
1.21349
2.24326
0.316161
0.399245
14.5092
0.182288
1.69426
0.798089
29.2987
0.183242
0.932282
0.551104
1.22515
57.6566
0.625173
0.667728
0.982198
0.540264
5.0752
0.204852
2.45902
54.7527
0.29905
1.43382
1.76235
0.104615
0.305192
0.118738
0.93367
1.29117
0.613536
9.81145
3.99184
7.53126
0.645286
0.121486
0.294929
1.09604
0.81271
18.379
0.0617509
0.0875053
0.0766842
45.7525
0.107227
11.3106
1.6331
0.130412
20.908
0.959755
0.0972638
0.276813
7.77961
37.4452
0.396437
7.82524
0.289518
0.248585
0.604851
0.24304
0.157295
3.46638
0.691584
0.158776
1.19801
0.119802
1.99014
2.79769
3.10553
0.62126
2.91674
1.27434
0.35815
1.10079
1.93978
0.083514
0.966489
0.7905
0.0480975
0.723667
0.699433
0.0481192
0.153841
0.0616632
118.788
0.779394
3.11388
1.96605
9.11506
0.0398225
0.275539
0.0889251
0.179479
17.7667
0.0907369
0.20254
0.0104063
0.174105
0.0194961
0.0331334
0.052176
0.42345
0.687326
0.219109
0.168092
0.347237
20.114
0.377478
0.0291607
8.04722
0.961251
0.423395
0.0139377
4.01671
5.29481
0.0854956
0.105323
0.182486
0.793715
3.54104
0.264687
4.15824
0.107802
0.102727
4.78511
0.357243
0.283967
0.411073
0.229112
0.516329
0.911607
0.156635
11.8314
0.145894
0.110524
187.728
0.313226
0.31625
0.283096
0.261698
1.4638
0.25505
0.346536
0.117123
4.95577
0.255486
0.194009
0.0748547
0.379325
6.49268
0.429398
1.20212
5.05208
0.443842
2.40109
0.186299
0.359104
0.0598536
0.256091
7.62812
1.20195
0.350535
0.200226
26.3357
0.333769
0.70558
0.386036
1.16464
0.522174
0.846568
0.1083
0.0167763
0.0567935
3.7407
1.12155
0.186627
0.215526
0.541931
7.97554
0.143173
0.479411
1.12942
0.0598837
2.71847
0.267126
0.504318
0.446756
0.469069
0.471009
0.0114363
0.176872
0.253113
0.268817
0.214043
0.0254172
0.0407513
0.405864
1120.88
0.0884617
0.16787
0.125455
126.27
0.0319622
12.6187
0.17165
0.630274
3.06244
0.0462795
0.01218
0.499472
0.214025
1.63392
0.244322
5.84266
0.218302
0.939699
1.17051
0.159899
0.0250967
0.0941747
8.1964
0.0464287
0.12101
0.0557273
0.480062
0.178554
0.444127
8.7784
0.0402265
0.297839
0.167231
4.27902
0.0865927
1.0328
0.491541
1.27333
0.0216918
0.133575
0.385008
0.194304
0.168348
0.0742373
0.271581
0.487985
0.790009
3.95629
0.843338
0.850991
0.140418
0.23463
0.0965175
0.901081
0.517136
0.042384
0.0404278
0.681386
0.412637
1.14781
0.0216482
307.391
0.639836
2.07297
0.230695
0.123946
1.24977
1.42814
1.18199
0.0616216
5.31113
0.105042
0.179514
0.755836
61.1267
1.32208
0.0923753
0.099339
0.389598
0.188085
0.0623638
2.18193
1.246
0.0886879
0.129831
0.124533
12.0862
0.347529
3.17265
8.2969
0.658953
1.05589
0.239895
0.0119557
2.08155
0.0529184
2.2807
0.219083
0.0448619
1.09506
0.0563076
0.229099
0.533517
65.7053
0.492476
0.494919
0.641448
0.0695187
0.769693
0.244322
0.0559771
0.482495
0.247572
0.535713
0.10387
0.280992
0.225796
0.184014
0.824856
0.179319
0.167704
0.685707
0.159962
0.0738974
0.773565
1.18334
1.3617
0.0708462
0.0627438
1.31267
0.0593282
0.105297
0.0229132
0.477671
0.267648
0.0733157
0.519343
12.5561
0.13934
0.350002
0.0872328
0.0655874
0.748751
4.16513
0.545126
3.27447
0.0240629
0.840899
0.0247585
1.98304
1.80433
0.589419
1.01215
3.99253
4.48004
4.15069
0.138038
2.33172
0.0160008
0.117532
2.13397
3.90374
0.0670938
0.213351
1.72896
1.35324
0.0371958
3.83153
0.145206
95.2356
2.19394
1.10004
0.0682534
0.913512
0.4223
1.48831
0.343704
0.227373
0.39247
0.168326
0.0896786
0.0649446
2.42701
0.335562
0.101941
0.286957
0.0574953
21.8497
0.0219546
0.220021
7.81228
0.859513
0.190105
0.855621
0.0644869
1745.21
0.0123521
0.783763
0.918403
0.257465
0.0293688
1.96409
0.547996
2.34839
0.582285
0.0273951
0.304277
0.0792297
0.0606823
0.0169521
3.10789
7.98797
1.6421
1.11198
0.443554
0.0648807
9.07827
2.93438
0.236613
0.936168
0.0660678
0.0398099
0.144291
0.276394
0.146279
0.251997
0.613495
2.04955
17.8759
0.230696
1.00412
3.98327
0.113388
45.9964
248.386
0.259238
0.130545
4.71597
0.0421792
3.93542
239.212
25.8111
0.0184522
0.565607
7.09794
0.179432
0.963975
0.0247079
0.551163
0.0497963
14.3251
0.852045
0.0157677
0.933014
0.0678174
0.0228817
3.00212
0.349288
0.115274
0.621839
5.84014
0.90027
0.048011
2.12462
0.0188002
5.23683
1.20819
0.039908
0.950109
0.0199934
16.6655
0.0955153
0.307421
1.20551
0.127174
1.01157
0.0105701
0.0564226
0.102909
5.2317
0.309288
0.239485
0.401361
0.234973
0.584571
3.52503
2.34283
1.55752
0.0167429
0.741659
19.9557
0.0536593
16.4242
0.0767037
0.356949
0.345734
0.375248
0.448629
0.040487
0.497327
0.0604851
0.295328
6.04056
0.0990475
3.84136
0.100565
0.228882
1.12314
0.186499
0.0293492
2.42045
0.720624
0.377924
3.35575
2.19517
0.0583973
0.43069
1.97228
0.0813785
0.186384
1.47808
0.105836
2.13161
0.886981
7.09197
0.659986
119.791
0.237461
2.13083
5.50078
8.85272
0.463309
0.120189
0.204852
0.0982306
0.054263
1.13676
8.74118
12.9545
0.114031
0.0135558
0.457043
0.196806
0.143353
3.4644
23.3828
0.782215
0.237712
0.0357283
0.430389
0.0262152
0.0645512
0.0134989
0.434369
0.210649
0.0196747
1.23834
0.0854899
3.81672
0.161956
0.310576
0.291689
0.201701
7.48812
0.086748
0.892952
0.844883
1.01832
0.793133
0.476275
0.433252
0.732696
0.730576
4.84097
2.31035
3.67386
0.0468377
0.548081
0.250365
0.0434129
0.758735
0.0804435
3.5749
12.5408
0.419506
1.04352
0.299505
0.778886
0.865211
0.127606
21.7644
0.250453
0.968332
0.345605
6.04829
0.0727886
0.578948
0.245077
0.0733967
1.10125
0.0513129
8.74191
0.0653733
0.318304
0.567697
4.40813
0.321216
0.346738
0.105027
0.515744
0.666572
0.375101
0.0697697
0.291251
1.93731
0.423356
0.515376
2.3256
5.19713
0.182955
128.901
0.4546
0.180338
3.06067
1.96871
0.404994
0.166107
0.310097
33.2776
0.283081
0.910835
0.22433
1.54848
19.6143
3.03519
0.132136
0.203241
0.0595838
0.321119
2.43473
0.190176
0.684328
17.7094
0.141937
2.87381
0.508372
0.321516
0.651659
0.470716
1.99616
1.61565
0.0614731
0.597712
0.811594
0.858902
0.140727
1.03164
0.065376
0.0874385
0.0338441
0.201081
0.160832
0.0676256
0.192075
13.3176
2.52251
1.44584
2.45878
2.09156
0.322691
1.80127
0.0455397
0.95065
0.313189
0.0935898
0.0991523
0.0619644
8.93142
0.147795
0.494504
0.632927
0.113686
3.904
1.47293
0.0595961
10.8856
0.365918
0.887227
0.304232
0.157988
0.78242
0.115292
3.34192
0.0469094
0.656788
2.15234
0.850197
0.12667
0.256548
0.277986
147.888
0.0625169
0.794745
0.0864938
2.76686
1021.92
0.286764
0.204745
0.209462
2.5064
5.41159
0.118205
0.0665402
0.0452196
3.31815
0.067262
0.497362
0.187328
0.0865721
0.135146
71.7368
0.029798
1.56357
0.970952
2.07999
0.197069
0.91687
0.353367
0.30844
0.265722
8.42396
0.0670194
0.0662759
0.622297
0.776669
0.0392959
0.357321
1.16709
0.118992
14.6021
0.147885
0.609202
0.179082
1.62715
2329.01
66.3429
0.869343
0.272719
0.607866
4.07002
1.60146
4.14295
1.11496
0.0359392
16.3897
5.72106
6.52116
2.25379
0.0635653
30.8531
0.125034
0.737266
1.80069
0.078736
0.846734
0.799269
0.131756
0.190542
0.375685
0.0605304
1.31742
1.94543
0.0575877
0.0456749
0.549339
1.51845
0.165826
0.692082
0.195185
3.60015
0.549
14.8482
0.286766
0.467179
0.373253
0.0775764
12.0906
1.16966
0.848419
0.319596
0.864484
74.3307
0.164809
2.99999
0.129508
2.29086
0.148217
1.53016
0.911095
1.04566
0.175701
3.86486
2.51843
59.2701
0.233589
1.69364
0.223282
3.91695
0.08709
0.406508
1.05812
1.60832
0.0523831
7.16121
1.63181
0.158501
0.407462
4.67858
0.412867
0.77815
0.598031
0.296663
0.313936
9.408
0.581075
1.11015
0.0480486
1.14501
1.69324
0.049275
0.643686
1.08376
0.159206
0.706509
0.170213
2.54259
0.415297
0.859366
1.59071
0.582288
0.494617
1.34975
1.85179
0.601755
0.0646154
1.8236
0.726198
0.172845
4.66441
0.404027
0.237196
0.0589031
0.198815
0.519828
1.22815
0.0913937
0.33384
0.188819
0.209272
0.806514
0.320486
0.0566929
1.49848
0.299871
0.482674
2.06138
5.17766
0.538166
0.327319
4.73148
0.976539
1.85994
0.352078
0.0658341
1.28692
3.30707
8.04664
1.01991
1.20407
0.903088
0.0770015
0.521116
0.703109
0.536155
0.27501
0.0954901
0.162083
0.202782
1.67889
0.0661979
2.17025
0.0453159
3.00694
0.0458003
0.259679
0.202898
0.10839
0.138831
0.219796
0.463653
3.17515
4.10577
0.0918854
0.459875
0.301764
0.720596
0.442069
0.37779
0.12877
7.05216
0.259268
0.390226
1.71679
0.0684607
0.445562
0.133565
0.458218
0.0471526
1.77333
1.76661
0.0121097
0.0442519
0.748839
0.160891
0.0433468
0.218329
0.124469
0.171985
0.883797
0.166887
0.650362
0.923436
1.25027
0.505968
0.40273
0.523637
0.218082
2.48989
0.319776
1.04227
51.2938
0.0694592
0.0959984
0.513951
0.475663
0.317414
12.2697
1.87533
0.0347416
0.0990746
32.4019
0.267929
0.411855
0.145886
0.0540468
0.0802864
4.16995
0.216788
0.0438496
0.140194
0.180364
0.0499446
0.377153
0.680202
0.711511
0.94008
0.149678
0.183672
0.170982
3.40211
2.26111
0.291797
0.315971
1.30688
1.37883
2.39053
0.49768
0.0751364
4.03746
1.51622
0.809778
0.449141
0.0590048
0.164856
0.805591
0.449006
0.0975565
0.0873036
3.0772
0.902336
1.05114
1.41051
0.0173499
0.116932
0.272268
1.0139
0.0867947
0.127174
1.93583
0.760781
1.34812
0.863501
0.0863411
7.87516
0.235893
4.6276
0.35332
0.0499361
0.098535
1.57264
3.22936
2.16013
0.120172
0.604958
2.1147
4.27163
0.574798
0.382817
0.266423
0.368031
0.93499
0.690174
0.282437
0.147732
1.48925
0.449096
1.33271
0.561086
0.0480469
0.372488
0.461014
2.38491
0.0627324
0.717126
1.30014
0.0587661
1.17298
0.298542
0.386692
0.389846
0.0940415
3.60851
1.55999
5.60102
0.618377
0.677191
0.119359
0.411411
0.71657
0.0820962
3.24676
0.223652
0.202622
0.687525
976.02
0.0941376
0.542861
0.504403
0.518944
0.472814
1.52932
5.09205
0.470154
0.181988
1.70091
0.662615
29.9215
1.01258
0.457138
0.387535
1.01508
1.38813
0.719559
0.44621
0.605406
1.70934
3.20612
4.68782
1.03999
0.533738
0.343909
0.157545
2.50657
0.130849
0.377376
0.699308
3.79033
0.0244285
0.175847
0.513516
0.125151
3.25576
0.846856
0.175701
0.460902
1.06447
0.0578596
0.0332428
3.86659
0.0658699
1.08121
0.250358
0.0876811
12.9176
5.2153
1.16476
0.135107
0.289839
0.157275
0.12789
1.52907
0.164939
21.1503
3.55705
1.99176
0.432109
3.80067
0.617455
0.153959
0.405055
0.462517
0.687848
0.519292
0.0544665
0.481268
0.107022
1.36173
1.98773
3.47688
0.503591
3.98801
0.139382
0.525334
0.165268
2.22612
0.0615545
0.129624
2.1014
5.71895
4.59327
0.439127
0.960667
0.30066
3.43693
0.476144
0.0388394
0.0638028
0.243164
0.685684
63.8042
1.46918
1.02986
0.267541
0.854291
3.71878
0.660637
0.585986
0.472781
0.167029
0.0824444
0.0921794
0.858827
5.60025
0.658839
1.1947
0.118064
0.526036
0.756459
0.100031
0.237255
0.0901279
2.04583
0.121992
1.74382
0.485922
4.32569
0.380828
0.377643
69.7061
0.146428
0.838754
0.411852
3.85468
0.0642216
0.0960813
3.01998
3.57423
0.0216426
0.202044
1.78883
29.0892
0.766161
0.240826
1.24626
1.73301
0.773178
18.0234
0.248391
2.04128
0.185167
0.0199207
0.169862
0.360447
0.223354
0.482306
0.280992
24.2937
1.66915
0.717121
2.17511
0.544225
0.146451
78.7151
0.934358
0.186299
0.447026
0.117126
0.947543
0.0793981
0.622435
2.6056
2.93744
4.27797
0.360156
0.170773
0.0568537
0.844602
0.175745
16.3286
0.497023
0.2574
10.1568
0.362651
0.0815025
0.157802
0.0948165
0.0430244
0.0225396
3.84676
0.317534
57.878
0.0982897
0.156968
1.40124
2.90204
0.0503133
3.66579
1.8338
2.23532
4.16411
0.0917065
0.810146
0.926072
0.286978
19.7308
1.44579
0.527864
5.97163
0.548915
0.433656
1.12284
0.438099
0.012234
0.133558
0.157586
1.70805
0.691148
0.0955852
0.0962511
0.0589523
3.87924
1.06085
0.0996833
15.4019
0.266423
13.8181
0.198388
0.417853
0.102913
0.462721
1.8935
0.740004
0.471526
0.117532
9.70655
0.675671
0.0757482
0.939214
0.414668
0.185679
0.0770015
0.0709964
0.0847119
0.0517408
3.43343
2.16359
0.0131368
37.4356
0.038504
0.408041
0.254789
0.167618
0.167051
0.050881
0.0325992
1.75194
0.681786
0.37536
0.627638
0.931335
0.669495
3.0678
0.423361
3.62451
2.25259
10.1872
0.0549465
0.112561
0.964741
0.041757
0.461388
0.148217
0.188655
0.146143
2.05289
0.292299
0.228732
0.532647
0.0790701
0.114819
0.418056
0.0379891
7.29132
1.48293
0.83746
1.11926
0.104893
0.120189
0.27362
0.156611
0.63698
0.115226
0.0889268
0.17032
0.219802
2.47553
5.94526
0.851627
2.59499
0.233066
0.636689
0.239939
3.12763
0.167895
1.96918
0.814113
1.86263
0.403585
9.33517
0.05144
0.0760897
0.575808
1.36378
0.178166
1.16539
11.0314
6.67434
0.65666
0.744747
0.70118
0.411221
10.0116
0.437834
1.20493
0.924629
0.0302199
3.60576
1.63978
1.64486
1.06501
0.0726035
0.619251
1.09511
0.53642
667.617
0.246136
4.3562
0.578948
0.779277
0.128938
0.160146
2.10331
0.199621
0.143527
0.245224
0.373845
0.131776
0.726519
0.439271
1.80078
2.45336
1.04615
0.238717
0.128859
1.39285
0.0726002
0.278192
0.249591
0.167404
0.167895
0.430323
22.7591
2.81698
0.174642
0.134039
0.257212
1.45333
0.0900969
0.540045
0.946132
0.287587
0.0488868
4.12056
0.140093
3.02566
1.3984
0.180078
2.18171
5.7655
62.609
3.87286
1.31927
1.85671
0.0760796
0.0478803
1.4091
0.0114277
0.729573
0.0422483
0.903763
2.18425
0.380065
0.290666
2.08842
0.31622
1.16378
0.190123
0.239869
17.5313
0.155839
0.396302
2.95809
0.325873
2.02743
2.12513
0.314357
3.10606
0.229371
0.649155
0.117866
0.184406
1.29997
0.40088
0.0980404
1.41271
0.0839216
0.282636
0.487768
0.628613
3.02288
0.352389
25.4216
0.491972
7.79622
0.982438
3.03443
0.260191
0.585922
0.223668
0.443317
0.049583
2.1387
0.436195
2.51253
0.0146232
0.57204
0.179267
2.03856
0.288024
4.86475
0.573163
0.125543
0.0299395
11.1196
