0.184166198764739
0.0162241887905605
0.0480836236933798
0.169934640522876
0.444253859348199
0.0804725813642443
0.0654827968923418
0.358395989974937
0.1984
0.12890625
0.253448275862069
0.0292887029288703
0.00813008130081301
0.245884227296867
0.082385070550751
0.0841720036596523
0.0505415162454874
0.134379263301501
0.114097968936679
0.109675567039908
0.227649769585253
0.218960409372475
0.225770721801735
0.234820322180917
0.149493243243243
0.161456272259596
0.113370835136305
0.114460463084316
0.123701605288008
0.117302052785924
0.117919670442842
0.0202655485674354
0.0888308295231875
0.0855263157894737
0.202914798206278
0.106662496090084
0.0577977080219233
0.0919233004067403
0.0209326424870466
0.191789819376026
0.0118055555555556
0.0141548709408826
0.0238429172510519
0.0119298245614035
0.0153429602888087
0.00906666666666667
0.0103911980440098
0.014808362369338
0.153233109943851
0.311837455830389
0.189296333002973
0.191395961369622
0.275493421052632
0.116438356164384
0.172876804296744
0.188888888888889
0.022937241159605
0.199367088607595
0.107252612169637
0.164367816091954
0.0520052886734244
0.398390342052314
0.257983494797273
0.273621355813137
0.056350626118068
0.114309764309764
0.0791415157612341
0.0753993610223642
0.0299108426804717
0.174685418208734
0.345479082321188
0.089906992766104
0.0862524785194977
0.0861955085865258
0.210494203782794
0.0443874278383579
0.152877697841727
0.0977039570102589
0.0327645051194539
0.0393982808022923
0.0584212026218296
0.0589249784420811
0.439426523297491
0.00814332247557003
0.207278481012658
0.14323258869908
0.17384370015949
0.140102827763496
0.173607861488067
0.0210494662456773
0.0222788033099936
0.042833607907743
0.0487073810415886
0.0440230274297325
0.0407013149655604
0.195402298850575
0.14937106918239
0.162091503267974
0.180412371134021
0.107938320959452
0.336846929422548
0.17032967032967
0.0958164642375169
0.071078431372549
0.389929742388759
0.200785994998214
0.192
0.0517538815411156
0.164596273291925
0.147249190938511
0.0426189005558987
0.0717821782178218
0.114729269216206
0.205162144275314
0.0823317307692308
0.443202979515829
0.0174844895657078
0.216138328530259
0.150125104253545
0.189750692520776
0.0544455544455544
0.0327560240963855
0.103317208016586
0.164203612479475
0.204129516658846
0.05890753302392
0.170539237176677
0.24780553679946
0.0796116504854369
0.109195402298851
0.0264672036823936
0.10012836970475
0.206896551724138
0.176684881602914
0.0345794392523364
0.387944358578053
0.056241426611797
0.0302743614001892
0.29537149817296
0.15546218487395
0.0638820638820639
0.148027842227378
0.0624380574826561
0.109271523178808
0.0596960926193922
0.0783847980997625
0.00739207569485511
0.163785259326661
0.21139896373057
0.0694037145650049
0.173369079535299
0.0218850306390429
0.139900344959755
0.152655792555416
0.0947061680427392
0.0166512488436633
0.215273206056616
0.166579360921949
0.131849315068493
0.0379770992366412
0.206827309236948
0.161695447409733
0.326797385620915
0.29445073612684
0.123588456712673
0.093124856288802
0.0729335494327391
0.138832997987928
0.0540540540540541
0.202614379084967
0.175061932287366
0.269945355191257
0.145637366201752
0.0472279260780287
0.0785876993166287
0.247787610619469
0.227442605445809
0.0263459335624284
0.0585480093676815
0.135897435897436
0.0661401776900296
0.372270742358079
0.367853290183387
0.334498834498834
0.303471444568869
0.182967398536261
0.0606428138265616
0.0851063829787234
0.116769095697981
0.127774041694687
0.266592920353982
0.294949494949495
0.313186813186813
0.204427083333333
0.324612403100775
0.360201511335013
0.108877721943049
0.127725856697819
0.0925215723873442
0.264
0.189549180327869
0.071041948579161
0.0538011695906433
0.217452498240676
0.00265604249667995
0.138956310679612
0.13582443653618
0.24
0.303291536050157
0.14367816091954
0.196110210696921
0.256809338521401
0.0377821393523062
0.0576347305389222
0.0822649572649573
0.215377797473964
0.211626387981711
0.211488250652742
0.222222222222222
0.172118380062305
0.188540840602696
0.195518092105263
0.213180901143241
0.035584310553983
0.0361842105263158
0.19957310565635
0.200777202072539
0.297507788161994
0.274325172630257
0.258274231678487
0.207573632538569
0.411637931034483
0.395705521472393
0.411702127659574
0.321952776005105
0.369975786924939
0.0786745273429559
0.103266596417281
0.124412409902852
0.11159907000775
0.439324817518248
0.117792421746293
0.212765957446809
0.0392256749872644
0.0446376811594203
0.0502197112366604
0.016467682173734
0.0165562913907285
0.140061162079511
0.158995815899582
0.3
0.0905141202027516
0.145985401459854
0.0436734693877551
0.381775700934579
0.387020369493131
0.388198757763975
0.367492650146997
0.367956265769554
0.216807247735083
0.0277098614506927
0.0204
0.241157556270096
0.195499815566212
0.289483065953654
0.407738095238095
0.240690281562216
0.0351201478743068
0.213403041825095
0.20216118865376
0.132142857142857
0.102330869812393
0.0430887372013652
0.426267281105991
0.316355404640634
0.126888217522659
0.0616740088105727
0.332630469161834
0.183191690273843
0.16804979253112
0.185460789925587
0.28876548483554
0.0164835164835165
0.0775623268698061
0.090702947845805
0.144650655021834
0.0183418928833456
0.385330235645536
0.353102189781022
0.403587443946188
0.160984848484848
0.198127925117005
0.293009627459188
0.197177074422583
0.311916529379462
0.142857142857143
0.127142857142857
0.223965763195435
0.0800207397165572
0.0278810408921933
0.0195556738060396
0.019657662476598
0.160384331116038
0.323137254901961
0.385416666666667
0.110429447852761
0.0117944397641112
0.0117548278757347
0.0913604766633565
0.0719861231569818
0.0190346702923182
0.405539070227498
0.366431774503523
0.212142358688067
0.216886134779241
0.275049115913556
0.212295081967213
0.158415841584158
0.134108180599017
0.329712955779674
0.0509466437177281
0.402482269503546
0.0684974747474748
0.207303974221267
0.0176600441501104
0.154861944777911
0.0553047404063205
0.00772399588053553
0.172316384180791
0.3734335839599
0.0574084199015856
0.119136010799865
0.0637204522096608
0.0219928186714542
0.0149700598802395
0.0189393939393939
0.140721649484536
0.017286084701815
0.110714285714286
0.131447587354409
0.0778145695364238
0.0290697674418605
0.435534591194969
0.297274979355904
0.115845070422535
0.116860052095667
0.109837525038949
0.241051701281485
0.270539419087137
0.2445
0.0792403405370007
0.217341040462428
0.386826347305389
0.246260069044879
0.381139489194499
0.190198366394399
0.012005510726235
0.0538097287989669
0.0459734649799445
0.0480180470512407
0.2
0.181120943952802
0.172763083849184
0.184436584133401
0.163715439577509
0.159827213822894
0.0797749089705396
0.102491772449459
0.0960775672102248
0.100091827364555
0.211374407582938
0.0952707333790267
0.0337941628264209
0.0158311345646438
0.0283564814814815
0.0366766467065868
0.0459016393442623
0.38592750533049
0.141210374639769
0.131066106228506
0.127937336814621
0.231182795698925
0.375429553264605
0.107771706132362
0.10352872557597
0.193386053199137
0.357933579335793
0.384539147670961
0.000924214417744917
0.0449678800856531
0.0389395194697597
0.0563165905631659
0.0403135498320269
0.0330649798734905
0.0338534000588755
0.0314093959731544
0.0552016985138004
0.0253968253968254
0.0384073291050035
0.211805555555556
0.224795640326975
0.0387959866220736
0.0616493194555644
0.119964973730298
0.453900709219858
0.341148886283705
0.381257275902212
0.398222222222222
0.0419137999209174
0.0267127592708988
0.107293868921776
0.0929912963811269
0.184551886792453
0.431061806656101
0.375172413793103
0.115485564304462
0.0225362872421696
0.393617021276596
0.245316681534344
0.141552511415525
0.204119850187266
0.251152073732719
0.144546649145861
0.320890165111271
0.101507808292946
0.0681302043906132
0.0515055467511886
0.0204280155642023
0.169268693508628
0.150971599402093
0.0876209882832399
0.2925
0.0773653946680606
0.16210295728368
0.0258697591436218
0.225249772933697
0.211316397228637
0.229102167182663
0.0147383935151069
0.0768428372739917
0.0782029950083195
0.0208706022659511
0.210810810810811
0.109243697478992
0.109243697478992
0.312297734627832
0.0185528756957328
0.115217391304348
0.193573667711599
0.0972097209720972
0.185967878275571
0.0804859529233106
0.0912220309810671
0.0535889872173058
0.176824034334764
0.207137315748642
0.148351648351648
0.401303538175047
0.458700882117081
0.175483870967742
0.0298869143780291
0.176086956521739
0.136094674556213
0.243270189431705
0.23989218328841
0.188826025459689
0.00214592274678112
0.00217983651226158
0.175658720200753
0.131964809384164
0.134788189987163
0.0146231721034871
0.208154506437768
0.0988271068635969
0.0490053372149442
0.397003745318352
0.0718970123876609
0.0982367758186398
0.0166931637519873
0.0398338220918866
0.0405133366884751
0.0394607843137255
0.0410714285714286
0.0682890020750802
0.0386283011430824
0.471314451706609
0.204188481675393
0.0479452054794521
0.0418445772843723
0.0395799676898223
0.133645955451348
0.212960473245496
0.12012987012987
0.186573670444638
0.225596529284165
0.366459627329193
0.282296650717703
0.497829232995658
0.0146683673469388
0.0137231503579952
0.135746606334842
0.15890522875817
0.118577075098814
0.151302994943602
0.230312035661218
0.345755693581781
0.0661831368993654
0.374350086655113
0.143556280587276
0.178130511463845
0.184474885844749
0.119808893789048
0.366583541147132
0.102639296187683
0.116775340841731
0.0364289379168804
0.0476510067114094
0.0531039640987285
0.0646153846153846
0.0591397849462366
0.118900729108245
0.0978378378378378
0.0953133228014745
0.123310810810811
0.151194852941176
0.0308641975308642
0.0258503401360544
0.0429864253393665
0.00174520069808028
0.158965896589659
0.33800350262697
0.129119394921664
0.198175787728027
0.102707348517404
0.17246835443038
0.136027319294252
0.0217588395285585
0.113469985358712
0.080952380952381
0.0803790803790804
0.186848958333333
0.13873417721519
0.240663900414938
0.237655560016058
0.303271441202476
0.365591397849462
0.15370705244123
0.158878504672897
0.0786026200873362
0.0888272033310201
0.224677716390424
0.310486634681289
0.167037861915367
0.439910564561207
0.413557540725171
0.326842837273992
0.0757097791798107
0.1131971286582
0.11303646987709
0.406349206349206
0.330568720379147
0.0438786565547129
0.111620795107034
0.159214830970556
0.140545144804089
0.204562737642586
0.149038461538462
0.149217809867629
0.0424615384615385
0.330555555555556
0.0434173669467787
0.0767746913580247
0.105291005291005
0.102298850574713
0.133708351363046
0.0935190449118817
0.148713826366559
0.174603174603175
0.124861878453039
0.273263265829275
0.171149144254279
0.191126279863481
0.228208232445521
0.0898765432098765
0.174491941135249
0.106473594548552
0.152625152625153
0.137626675384112
0.370905587668593
0.113184584178499
0.326065411298315
0.324777887462981
0.349256900212314
0.0954106280193237
0.143435980551053
0.300104931794334
0.223645320197044
0.039039039039039
0.146990740740741
0.293469041560645
0.259597806215722
0.299544419134396
0.0142083897158322
0.199740596627756
0.0381799163179916
0.0380406461698801
0.116632860040568
0.184118673647469
0.188018979833926
0.200603318250377
0.180944055944056
0.172498250524843
0.30126582278481
0.0722983257229833
0.311437403400309
0.319587628865979
0.26
0.356405585913783
0.213001383125864
0.23353751914242
0.141441441441441
0.0504915102770331
0.221528111484863
0.021398002853067
0.109800362976407
0.1311093871218
0.299911268855368
0.101952277657267
0.077345731191885
0.0842153704555914
0.168036529680365
0.122302158273381
0.0760619977037887
0.374574347332577
0.229693383539537
0.253333333333333
0.0133024869866975
0.0125136017410229
0.0163352272727273
0.0146031746031746
0.0315278900565885
0.170305676855895
0.413461538461538
0.353172007848267
0.282840722495895
0.146776406035665
0.10604929051531
0.142204827136334
0.0887274328489652
0.485627836611195
0.0882417341799869
0.487841945288754
0.0526315789473684
0.0371845949535193
0.199457994579946
0.131412508784259
0.0678598061148397
0.212930202637504
0.16830985915493
0.242935470265711
0.192608386638237
0.016548463356974
0.0198019801980198
0.0563002680965147
0.249817916970138
0.252020573108009
0.183835182250396
0.0435238594651285
0.200133868808568
0.202300405953992
0.17464953271028
0.329538645895746
0.440639269406393
0.0633423180592992
0.0967199327165685
0.0975232198142415
0.215648854961832
0.0858250276854928
0.0751150957111703
0.0942528735632184
0.166294642857143
0.166355140186916
0.176587301587302
0.273910214703969
0.0463783220427306
0.301129234629862
0.371732817037754
0.31610337972167
0.459227467811159
0.410095579450418
0.0120106761565836
0.296668429402433
0.179487179487179
0.345679012345679
0.0184442662389735
0.0978593272171254
0.0531600708800945
0.297142857142857
0.436002737850787
0.265927977839335
0.3733862959285
0.0503913894324853
0.355206847360913
0.109756097560976
0.0302835051546392
0.0322469982847341
0.0292561469032057
0.03486646884273
0.0346991509782207
0.222672064777328
0.0325982742090125
0.363001745200698
0.392452830188679
0.0933912503878374
0.0444316214656665
0.0238095238095238
0.0238390092879257
0.103435468895079
0.139557082856052
0.153603698255936
0.152769070010449
0.155963302752294
0.149795081967213
0.102936155684534
0.0555914673561732
0.183200579290369
0.101538461538462
0.108490566037736
0.234042553191489
0.144417475728155
0.0925789860396767
0.0894886363636364
0.17329093799682
0.170098039215686
0.238035788597586
0.218602207041513
0.126239259748843
0.2096
0.0338638672536404
0.0101860053144376
0.0283205890682526
0.013855421686747
0.0354866494401378
0.134314627414903
0.133931538717182
0.0900447427293065
0.19047619047619
0.408900083963056
0.250830564784053
0.0247869868319132
0.112087912087912
0.12030534351145
0.121665582303188
0.150092081031308
0.146037735849057
0.27789299046039
0.00210970464135021
0.27369716864998
0.422335600907029
0.136690647482014
0.13728323699422
0.185909980430528
0.251158003088008
0.317313812858052
0.291264972246567
0.296197266785502
0.305734437289175
0.0156739811912226
0.276637069922309
0.0182407782732063
0.0526921969478837
0.0521813515825492
0.0893060295790671
0.0938337801608579
0.336550060313631
0.259569377990431
0.247682119205298
0.181647940074906
0.0786782061369001
0.317808219178082
0.214850882531954
0.00103842159916926
0.0621301775147929
0.111922141119221
0.359060402684564
0.187256176853056
0.425531914893617
0.063573883161512
0.0762558727864113
0.131317902692489
0.111345646437995
0.0862610255643594
0.222523744911805
0.097640562248996
0.050887573964497
0.153350515463918
0.117235345581802
0.113965744400527
0.110191082802548
0.0749217056131053
0.34156378600823
0.224014336917563
0.254091653027823
0.239583333333333
0.0563725490196078
0.149679673849738
0.00872093023255814
0.14638665843113
0.210736721873215
0.112709832134293
0.0714716525934861
0.271850899742931
0.00418994413407821
0.0467111534795043
0.0812227074235808
0.181384248210024
0.0279255319148936
0.144646924829157
0.285234899328859
0.137981118373275
0.00547445255474453
0.371376811594203
0.20174741858618
0.030439121756487
0.30131189166314
0.236491228070175
0.22256664600124
0.144329896907216
0.105857066093498
0.155074116305587
0.24406779661017
0.241051028179741
0.315789473684211
0.186721991701245
0.130360205831904
0.00806451612903226
0.0180325465474271
0.0267391304347826
0.41025641025641
0.051530612244898
0.102308832874391
0.307053941908714
0.105798575788403
0.118451025056948
0.170084439083233
0.213636363636364
0.327124563445867
0.394230769230769
0.106170598911071
0.221941992433796
0.280720338983051
0.138668589281423
0.0761802575107296
0.474973375931842
0.244868035190616
0.247291744490101
0.0960264900662252
0.0862800565770863
0.232421875
0.178294573643411
0.219101123595506
0.187534780189204
0.0864545920985121
0.17020202020202
0.131128404669261
0.164310092637738
0.188010899182561
0.124628344895937
0.106140535978054
0.355949895615866
0.0919747520288548
0.0379939209726444
0.177240351167799
0.269725233173683
