0.184166198764739
0.11159907000775
0.222523744911805
0.185967878275571
0.144329896907216
0.134108180599017
0.330568720379147
0.00107066381156317
0.10012836970475
0.0517063081695967
0.147058823529412
0.0584212026218296
0.184280052840159
0.0938337801608579
0.184118673647469
0.213180901143241
0.215377797473964
0.183835182250396
0.0646319569120287
0.048697270471464
0.138668589281423
0.0520551038843722
0.000924214417744917
0.2096
0.0302835051546392
0.487841945288754
0.0289473684210526
0.112087912087912
0.189549180327869
0.25654604295381
0.0174844895657078
0.0988278556653643
0.0682890020750802
0.0778145695364238
0.0211228460255698
0.211316397228637
0.169934640522876
0.296197266785502
0.204188481675393
0.00217983651226158
0.297507788161994
0.0683417085427136
0.366459627329193
0.0888308295231875
0.017286084701815
0.0576347305389222
0.212960473245496
0.0944309927360775
0.0176600441501104
0.33800350262697
0.176684881602914
0.0661401776900296
0.013855421686747
0.125694741342454
0.0689866939611054
0.294564643799472
0.422335600907029
0.0270127118644068
0.0982367758186398
0.147956403269755
0.276377217553688
0.0255384615384615
0.0962491153573956
0.0278810408921933
0.0198019801980198
0.257983494797273
0.0258503401360544
0.0283205890682526
0.0894886363636364
0.04112
0.341148886283705
0.019657662476598
0.103620474406991
0.212158428001228
0.226158940397351
0.16210295728368
0.0761448349307774
0.0416384563303995
0.210884353741497
0.0292381974248927
0.210810810810811
0.0446376811594203
0.0775623268698061
0.439910564561207
0.0182407782732063
0.219178082191781
0.326065411298315
0.0759410801963993
0.0195556738060396
0.0761802575107296
0.167037861915367
0.0501930501930502
0.170084439083233
0.0420397041650448
0.289483065953654
0.192608386638237
0.199208443271768
0.0649794801641587
0.126888217522659
0.19047619047619
0.248997326203209
0.147249190938511
0.275493421052632
0.0113514671235811
0.230312035661218
0.234920634920635
0.0731051344743276
0.134423503325942
0.259656652360515
0.405539070227498
0.240663900414938
0.143556280587276
0.240690281562216
0.180555555555556
0.193982220196034
0.0378670788253478
0.056350626118068
0.0277098614506927
0.324612403100775
0.199457994579946
0.138832997987928
0.116769095697981
0.0978378378378378
0.207303974221267
0.0267391304347826
0.269945355191257
0.0544455544455544
0.204427083333333
0.0394607843137255
0.205864751645721
0.326797385620915
0.27369716864998
0.312297734627832
0.195518092105263
0.208154506437768
0.00547445255474453
0.152530779753762
0.0776869158878505
0.164618086040386
0.293645897594078
0.164367816091954
0.163103237629811
0.0540540540540541
0.0504915102770331
0.192935982339956
0.021398002853067
0.175658720200753
0.141096394407653
0.0312174817898023
0.0210494662456773
0.0201501382852627
0.0314091680814941
0.04381114419396
0.0890769850866586
0.141295546558704
0.016467682173734
0.00210970464135021
0.140721649484536
0.219101123595506
0.386826347305389
0.0336538461538462
0.202733485193622
0.00669344042838019
0.0245310245310245
0.0364289379168804
0.0308641975308642
0.0327560240963855
0.188916105327618
0.188826025459689
0.17246835443038
0.00418994413407821
0.355206847360913
0.145985401459854
0.0852607709750567
0.148713826366559
0.0338638672536404
0.0929912963811269
0.0719326818675353
0.146037735849057
0.365591397849462
0.202614379084967
0.411702127659574
0.24406779661017
0.154861944777911
0.413461538461538
0.0651847401622109
0.17329093799682
0.254658385093168
0.20543093270366
0.174431202600217
0.0338733431516937
0.0184442662389735
0.0730207532667179
0.327917282127031
0.401303538175047
0.349619978284473
0.238035788597586
0.054140127388535
0.0221445221445221
0.359060402684564
0.245316681534344
0.295982142857143
0.153264604810997
0.131317902692489
0.223645320197044
0.291264972246567
0.100971547536433
0.263343403826788
0.157505285412262
0.12993762993763
0.0354866494401378
0.0977039570102589
0.317808219178082
0.170305676855895
0.149038461538462
0.336846929422548
0.366583541147132
0.183191690273843
0.294949494949495
0.0346003898635478
0.210564399421129
0.144646924829157
0.122001370801919
0.0076783355350066
0.177323665128543
0.389929742388759
0.135791942016628
0.153350515463918
0.279704114655571
0.0166931637519873
0.0888272033310201
0.0896044802240112
0.0438786565547129
0.0588406641421497
0.242324199405744
0.124861878453039
0.185585585585586
0.413557540725171
0.210848968976407
0.0371845949535193
0.327319587628866
0.0292887029288703
0.0386283011430824
0.239583333333333
0.00813008130081301
0.276637069922309
0.0189393939393939
0.282
0.16804979253112
0.0797749089705396
0.138199513381995
0.212142358688067
0.200133868808568
0.110191082802548
0.0577977080219233
0.109078590785908
0.117919670442842
0.129515131793036
0.0822649572649573
0.0793569788211278
0.225558121632025
0.0972097209720972
0.0610533378061053
0.230907457322552
0.138956310679612
0.260780287474333
0.0162241887905605
0.00750484183344093
0.337056504599212
0.080952380952381
0.15546218487395
0.0103911980440098
0.3
0.319420783645656
0.444253859348199
0.0925215723873442
0.0490053372149442
0.191356783919598
0.375172413793103
0.0633484162895928
0.0434173669467787
0.114460463084316
0.311837455830389
0.113965744400527
0.0376310919185688
0.186848958333333
0.257595772787318
0.213001383125864
0.118520675596971
0.0403458213256484
0.0301783264746228
0.0940279542566709
0.152877697841727
0.30131189166314
0.0433171183692379
0.00543478260869565
0.12890625
0.093124856288802
0.192
0.0722983257229833
0.131412508784259
0.0935190449118817
0.0126600489138253
0.00214592274678112
0.174685418208734
0.0367428003972195
0.395705521472393
0.109668830088201
0.30126582278481
0.0125136017410229
0.266592920353982
0.275049115913556
0.0472279260780287
0.381775700934579
0.0225362872421696
0.0299108426804717
0.228208232445521
0.0318396226415094
0.394230769230769
0.187256176853056
0.196933722271216
0.0182865731462926
0.311437403400309
0.160384331116038
0.241051028179741
0.183200579290369
0.0553539019963702
0.172118380062305
0.0616493194555644
0.294546607482562
0.242020538440189
0.221633888048411
0.0379770992366412
0.3
0.220717131474104
0.326842837273992
0.250830564784053
0.0490613266583229
0.109243697478992
0.0768428372739917
0.252020573108009
0.118451025056948
0.23353751914242
0.21866897147796
0.238576779026217
0.0308415501031873
0.39299969296899
0.295454545454545
0.0267127592708988
0.0907013936486178
0.107252612169637
0.085816144639674
0.0773006134969325
0.214043993231811
0.198175787728027
0.207278481012658
0.0883358662613982
0.12012987012987
0.184551886792453
0.191395961369622
0.0430887372013652
0.169268693508628
0.241157556270096
0.148351648351648
0.00346620450606586
0.0291970802919708
0.056241426611797
0.303271441202476
0.144871503297703
0.288659793814433
0.0718970123876609
0.00174520069808028
0.212295081967213
0.150125104253545
0.127725856697819
0.406349206349206
0.0432038834951456
0.0395799676898223
0.0958164642375169
0.0898765432098765
0.0410714285714286
0.263454317897372
0.0131956397016638
0.0419137999209174
0.410286382232612
0.27789299046039
0.143929058663029
0.0538097287989669
0.110714285714286
0.142204827136334
0.216138328530259
0.0147383935151069
0.173457508731083
0.0517538815411156
0.00684931506849315
0.122302158273381
0.13582443653618
0.103317208016586
0.052014652014652
0.436002737850787
0.00481231953801732
0.0875446903082423
0.013249348392702
0.264
0.0526167698368036
0.234820322180917
0.0264672036823936
0.1311093871218
0.411637931034483
0.214850882531954
0.0888571428571429
0.163522012578616
0.259569377990431
0.0411835265893643
0.114729269216206
0.213403041825095
0.131066106228506
0.106662496090084
0.181384248210024
0.14367816091954
0.120232708468003
0.236491228070175
0.279930343926861
0.136690647482014
0.19514091350826
0.150191152375751
0.0579434813583472
0.0164533820840951
0.177240351167799
0.22256664600124
0.297142857142857
0.057889237199582
0.0591397849462366
0.0141548709408826
0.226657645466847
0.118900729108245
0.0791415157612341
0.133708351363046
0.0279649595687332
0.109195402298851
0.149011657374557
0.0796060730406237
0.0651847401622109
0.200603318250377
0.114309764309764
0.310486634681289
0.316355404640634
0.146990740740741
0.3733862959285
0.0166512488436633
0.244011976047904
0.110030932390632
0.0430548436699129
0.0445505171042164
0.0851063829787234
0.155963302752294
0.108877721943049
0.170998632010944
0.0841030627126884
0.333718244803695
0.0620303146096039
0.221105527638191
0.0916860916860917
0.03003003003003
0.206401506236762
0.14937106918239
0.0165562913907285
0.106140535978054
0.127142857142857
0.00265604249667995
0.303471444568869
0.221941992433796
0.211805555555556
0.0387023335230507
0.0380406461698801
0.231182795698925
0.0505415162454874
0.172316384180791
0.0105263157894737
0.185909980430528
0.0298869143780291
0.066622399291722
0.0729335494327391
0.213094691754628
0.0334886429819453
0.0846647752725101
0.156355455568054
0.0239202657807309
0.247211895910781
0.136094674556213
0.0767746913580247
0.211488250652742
0.090702947845805
0.0162969669533726
0.190198366394399
0.152625152625153
0.0488505747126437
0.164203612479475
0.111345646437995
0.14323258869908
0.354596622889306
0.0238893545683152
0.128218071680969
0.231290213342364
0.20174741858618
0.0337941628264209
0.4688995215311
0.041740674955595
0.253448275862069
0.320890165111271
0.265761396702231
0.158303886925795
0.106550343249428
0.0773653946680606
0.013249348392702
0.0279255319148936
0.125531484106094
0.221528111484863
0.0938448201127005
0.135746606334842
0.218867138692212
0.307728781412992
0.219759825327511
0.217341040462428
0.0858250276854928
0.161695447409733
0.0211404728789986
0.0289351851851852
0.0975232198142415
0.0142083897158322
0.110429447852761
0.356405585913783
0.278563656147987
0.0905141202027516
0.0377821393523062
0.0424615384615385
0.398222222222222
0.121652292328643
0.136234626300851
0.403587443946188
0.211626387981711
0.0616740088105727
0.260702746365105
0.164310092637738
0.0967199327165685
0.269143505388542
0.198127925117005
0.130360205831904
0.035584310553983
0.109800362976407
0.269871971999632
0.0520052886734244
0.178130511463845
0.140520246714937
0.163052905464007
0.103266596417281
0.105857066093498
0.0671052631578947
0.209444955535112
0.325051759834369
0.440639269406393
0.13728323699422
0.265927977839335
0.231841691027659
0.0589249784420811
0.108547008547009
0.150092081031308
0.268329070758738
0.172876804296744
0.113370835136305
0.34156378600823
0.0576752440106477
0.191803278688525
0.0562842833293585
0.162569832402235
0.00761982793936911
0.177777777777778
0.347953216374269
0.00486111111111111
0.116632860040568
0.141552511415525
0.039039039039039
0.0862524785194977
0.159827213822894
0.0777576853526221
0.147368421052632
0.0555914673561732
0.224014336917563
0.0305149396058487
0.0139410837677294
0.0638820638820639
0.162091503267974
0.0761447002276752
0.11303646987709
0.151302994943602
0.149679673849738
0.0480180470512407
0.367492650146997
0.358395989974937
0.123701605288008
0.146149816657936
0.0953133228014745
0.00612301697745616
0.0407013149655604
0.13873417721519
0.0504115226337449
0.0637204522096608
0.0796116504854369
0.022937241159605
0.0283564814814815
0.0547854785478548
0.115217391304348
0.116438356164384
0.0927717700626067
0.0183418928833456
0.0983772819472617
0.272829341317365
0.260687593423019
0.0317385682379217
0.13795568263045
0.0527448869752422
0.00906666666666667
0.26410835214447
0.0150085275724844
0.292383292383292
0.159454653230587
0.0317236517448008
0.0515055467511886
0.148027842227378
0.0153429602888087
0.140845070422535
0.0960193652501345
0.13359336908825
0.166579360921949
0.170098039215686
0.0149700598802395
0.202300405953992
0.0786745273429559
0.273910214703969
0.24
0.125960766318688
0.00760176557135851
0.124628344895937
0.459227467811159
0.05890753302392
0.158995815899582
0.173607861488067
0.0809082187400064
0.2
0.296668429402433
0.0760619977037887
0.188018979833926
0.353102189781022
0.236227824463119
0.0405133366884751
0.0912220309810671
0.157303370786517
0.174491941135249
0.0101860053144376
0.101507808292946
0.0428893905191874
0.345479082321188
0.311916529379462
0.012005510726235
0.0783847980997625
0.03486646884273
0.146203554119548
0.109271523178808
0.150655021834061
0.117302052785924
0.112006788290199
0.00618811881188119
0.0453159041394336
0.0413083137868126
0.00962655601659751
0.21522756273926
0.22319734345351
0.111620795107034
0.0418445772843723
0.0351201478743068
0.206827309236948
0.21791273284001
0.0345794392523364
0.030174081237911
0.0522629310344828
0.204129516658846
0.0803790803790804
0.0119298245614035
0.0440230274297325
0.140061162079511
0.116740088105727
0.161456272259596
0.0862610255643594
0.0287487749101601
0.332630469161834
0.166666666666667
0.382128159905938
0.0812227074235808
0.29537149817296
0.174536256323777
0.0917946796553016
0.0586630286493861
0.0954106280193237
0.204347826086957
0.21139896373057
0.0525475891941183
0.0302743614001892
0.113233287858117
0.132700014843402
0.058531746031746
0.0130763936682725
0.0291450777202073
0.249817916970138
0.0389395194697597
0.176086956521739
0.229792919171677
0.186721991701245
0.051530612244898
0.130030959752322
0.345679012345679
0.425531914893617
0.0296495956873315
0.0716305372290292
0.00750605326876513
0.0353003161222339
0.0766926303175554
0.0487073810415886
0.102936155684534
0.188010899182561
0.286116983791402
0.0702005730659026
0.41640127388535
0.0792403405370007
0.229790775083214
0.0662423385195662
0.0860927152317881
0.0118055555555556
0.224400871459695
0.199581297976274
0.0531039640987285
0.155074116305587
0.440217391304348
0.131849315068493
0.474973375931842
0.0900131406044678
0.349256900212314
0.0253968253968254
0.0581196581196581
0.388198757763975
0.18634001484781
0.141361256544503
0.426267281105991
0.0311362717347351
0.0146031746031746
0.360201511335013
0.371732817037754
0.025974025974026
0.151194852941176
0.288939051918736
0.116860052095667
0.142857142857143
0.0439121756487026
0.0994332818134982
0.0156739811912226
0.243270189431705
0.200227531285552
0.134788189987163
0.109136420525657
0.0479452054794521
0.185823754789272
0.0989795918367347
0.140102827763496
0.102491772449459
0.1397616468039
0.38592750533049
0.101682242990654
0.220607235142119
0.0409369527145359
0.353652392947103
0.153225806451613
0.0480836236933798
0.258274231678487
0.102298850574713
0.100581878636741
0.0207296849087894
0.0230263157894737
0.0509466437177281
0.188888888888889
0.0503913894324853
0.119808893789048
0.126239259748843
0.299911268855368
0.105798575788403
0.0900447427293065
0.17464953271028
0.0190346702923182
0.0690743338008415
0.0313734603764815
0.0364815565464126
0.102639296187683
0.15890522875817
0.100940975192472
0.342268041237113
0.222672064777328
0.273621355813137
0.144650655021834
0.144417475728155
0.210494203782794
0.191126279863481
0.0400696864111498
0.415011037527594
0.0179363160016123
0.410095579450418
0.0694037145650049
0.0219928186714542
0.324777887462981
0.2445
0.402482269503546
0.106583072100313
0.271850899742931
0.240102171136654
0.0330209727800089
0.1131971286582
0.136090727151434
0.0646153846153846
0.0893060295790671
0.185460789925587
0.0563165905631659
0.14638665843113
0.111922141119221
0.200785994998214
0.453900709219858
0.0962831158560696
0.198546806353498
0.280720338983051
0.034636488340192
0.105636299184686
0.097640562248996
0.0204
0.0393982808022923
0.134379263301501
0.28876548483554
0.276272869096582
0.0103011093502377
0.298716452742124
0.106473594548552
0.26
0.381257275902212
0.199740596627756
0.162134944612286
0.0307603852235159
0.0681302043906132
0.273235499650594
0.24780553679946
0.00511247443762781
0.159214830970556
0.144492911668484
0.0553047404063205
0.0538011695906433
0.00783196867212531
0.2583284628872
0.0185528756957328
0.0301100173711639
0.0858522625648363
0.330555555555556
0.0270018621973929
0.0435238594651285
0.042833607907743
0.229693383539537
0.181647940074906
0.227649769585253
0.369132290184922
0.223965763195435
0.0180325465474271
0.127937336814621
0.168036529680365
0.109837525038949
0.0550405561993048
0.00634920634920635
0.186573670444638
0.180944055944056
0.107938320959452
0.026343970871707
0.102330869812393
0.00775387693846923
0.259467040673212
0.321952776005105
0.134314627414903
0.044069640914037
0.16830985915493
0.158415841584158
0.037246963562753
0.0856031128404669
0.3734335839599
0.0531600708800945
0.0291324989210186
0.251152073732719
0.0998162890385793
0.00872093023255814
0.00765864332603939
0.205882352941176
0.0654827968923418
0.105291005291005
0.464457831325301
0.044757665677547
0.115966386554622
0.360166964818128
0.195499815566212
0.247291744490101
0.485883125410374
0.242935470265711
0.0338534000588755
0.15370705244123
0.0726256983240224
0.471314451706609
0.129119394921664
0.118577075098814
0.232421875
0.206896551724138
0.0804859529233106
0.135897435897436
0.118526428190069
0.189296333002973
0.108194112967383
0.0449678800856531
0.0436734693877551
0.41025641025641
0.0833516121956569
0.0180761781794706
0.334498834498834
0.187534780189204
0.10604929051531
0.371376811594203
0.141577825159915
0.0403135498320269
0.0322469982847341
0.11958041958042
0.222126929674099
0.0894813732651571
0.408900083963056
0.123018607856651
0.289911308203991
0.317313812858052
0.115485564304462
0.0133024869866975
0.163715439577509
0.222989949748744
0.0167992926613616
0.375429553264605
0.109243697478992
0.365675534689619
0.266173361522199
0.0698898994734323
0.19957310565635
0.063573883161512
0.144546649145861
0.0164835164835165
0.193386053199137
0.139557082856052
0.11864406779661
0.0377055039313796
0.397003745318352
0.0392256749872644
0.0925789860396767
0.0137231503579952
0.435534591194969
0.211374407582938
0.173369079535299
0.218917802560925
0.0864545920985121
0.0292561469032057
0.274325172630257
0.133922931143399
0.163785259326661
0.0661831368993654
0.138487394957983
0.17032967032967
0.0876209882832399
0.222258379433778
0.107771706132362
0.0638820638820639
0.0247869868319132
0.381139489194499
0.0327645051194539
0.0847107438016529
0.0882417341799869
0.0290697674418605
0.181120943952802
0.129881154499151
0.0609309623430962
0.131128404669261
0.196110210696921
0.0846077457795432
0.116775340841731
0.00739207569485511
0.216886134779241
0.195402298850575
0.315789473684211
0.0349370836417469
0.355949895615866
0.33996383363472
0.0552016985138004
0.121710526315789
0.0366766467065868
0.194330320460148
0.439426523297491
0.0985238016254769
0.0315278900565885
0.407738095238095
0.127725856697819
0.108052588331964
0.0253759398496241
0.165061898211829
0.300104931794334
0.0238390092879257
0.0751150957111703
0.0521813515825492
0.0326047578794832
0.247719635141623
0.138439483923817
0.132467532467532
0.0526921969478837
0.0367088607594937
0.372270742358079
0.0133537206931702
0.127774041694687
0.0608908868001635
0.137307179584841
0.193573667711599
0.160984848484848
0.255622519476701
0.120429302383627
0.0331409022877913
0.0986607899644008
0.191690273843248
0.17020202020202
0.0158293186510668
0.10352872557597
0.164596273291925
0.0222788033099936
0.0218850306390429
0.0804725813642443
0.116583822864889
0.0238095238095238
0.0117944397641112
0.0967519004837595
0.0385902736759205
0.275417661097852
0.0684974747474748
0.137981118373275
0.170539237176677
0.119330691325407
0.129187961385576
0.246260069044879
0.214995678478825
0.0800207397165572
0.0589548905761501
0.0733532934131736
0.31610337972167
0.0563002680965147
0.0314093959731544
0.121791645697031
0.0952707333790267
0.323137254901961
0.103542234332425
0.0753993610223642
0.192667277726856
0.179487179487179
0.189750692520776
0.204119850187266
0.113955408753097
0.0398338220918866
0.224795640326975
0.218602207041513
0.282296650717703
0.227154046997389
0.0772980501392758
0.0668633235004916
0.212930202637504
0.216735966735967
0.374350086655113
0.0644067796610169
0.170201623461639
0.218256475047378
0.0379939209726444
0.219939446366782
0.224677716390424
0.319587628865979
0.180412371134021
0.269725233173683
0.0305767894371091
0.439324817518248
0.106170598911071
0.303291536050157
0.225249772933697
0.152655792555416
0.0753564154786151
0.185143814576934
0.148257968865827
0.101115241635688
0.107293868921776
0.071608040201005
0.109756097560976
0.151937309534175
0.0146231721034871
0.385330235645536
0.205162144275314
0.299544419134396
0.0384073291050035
0.136027319294252
0.0325982742090125
0.0202655485674354
0.241051701281485
0.327124563445867
0.013249348392702
0.158878504672897
0.282840722495895
0.184474885844749
0.215870307167235
0.147971360381862
0.0217588395285585
0.0624683608383112
0.155776515151515
0.111868256672345
0.0303508080409933
0.114097968936679
0.182881519196367
0.210736721873215
0.315789473684211
0.336550060313631
0.393617021276596
0.297274979355904
0.0443874278383579
0.143283582089552
0.20911528150134
0.20216118865376
0.102707348517404
0.101681064674294
0.0576036866359447
0.0147714604236343
0.113469985358712
0.100091827364555
0.0887274328489652
0.0117548278757347
0.273263265829275
0.245305164319249
0.191789819376026
0.185725249424405
0.0651580179477175
0.050887573964497
0.113184584178499
0.176824034334764
0.248722316865417
0.398390342052314
0.351629502572899
0.19518486672399
0.12030534351145
0.0815133804983082
0.0158311345646438
0.0823317307692308
0.247787610619469
0.0361842105263158
0.431061806656101
0.173575129533679
0.0645193260654113
0.101952277657267
0.0468619246861925
0.0999315537303217
0.149795081967213
0.0919747520288548
0.121665582303188
0.0729674796747967
0.0328151986183074
0.10919017288444
0.0347607052896725
0.125954198473282
0.366431774503523
0.0837043633125557
0.146776406035665
0.158965896589659
0.019434499890407
0.164897747864354
0.0258697591436218
0.153231939163498
0.0574084199015856
0.0163300725781003
0.190361445783133
0.218927444794953
0.0389811738648948
0.0557607090103397
0.111664141960615
0.0340044742729307
0.367853290183387
0.215273206056616
0.0453056768558952
0.132142857142857
0.0233843537414966
0.253333333333333
0.0624380574826561
0.254678600488202
0.109675567039908
0.0463783220427306
0.0978593272171254
0.0606428138265616
0.212765957446809
0.0426189005558987
0.166355140186916
0.168596572487263
0.225596529284165
0.35
0.200777202072539
0.112709832134293
0.353172007848267
0.179775280898876
0.0762558727864113
0.0988271068635969
0.0734912394548994
0.149217809867629
0.0224477244772448
0.175061932287366
0.0364362365859745
0.016548463356974
0.0601440952281508
0.143435980551053
0.0579433301496339
0.133645955451348
0.103435468895079
0.0209326424870466
0.0444316214656665
0.133931538717182
0.0942528735632184
0.0862800565770863
0.209188361408882
0.212990936555891
0.20079185520362
0.176587301587302
0.0535187526337969
0.089906992766104
0.00814332247557003
0.387944358578053
0.117460317460317
0.285234899328859
0.207259337190952
0.0586523393776584
0.293009627459188
0.0842153704555914
0.111207897793264
0.0791208791208791
0.115845070422535
0.014808362369338
0.0339563862928349
0.0855263157894737
0.392452830188679
0.0717821782178218
0.225770721801735
0.192673476576259
0.0621301775147929
0.0398657983027432
0.259597806215722
0.385416666666667
0.0782029950083195
0.282388663967611
0.0309925460965084
0.0820335066435586
0.171149144254279
0.150971599402093
0.145637366201752
0.0719861231569818
0.0467111534795043
0.071078431372549
0.0933912503878374
0.0322238711045156
0.0719089498189343
0.0785876993166287
0.370905587668593
0.17384370015949
0.497829232995658
0.267924528301887
0.207573632538569
0.112405063291139
0.305734437289175
0.182967398536261
0.0459893048128342
0.0802292263610315
0.172763083849184
0.00146412884333821
0.0204280155642023
0.180024660912454
0.0499553969669938
0.0387959866220736
0.0931758530183727
0.030439121756487
0.119136010799865
0.245884227296867
0.178294573643411
0.0678598061148397
0.00772399588053553
0.369975786924939
0.353583916083916
0.217452498240676
0.082385070550751
0.0596960926193922
0.214754731556586
0.155560508134611
0.357933579335793
0.129720853858785
0.0585480093676815
0.101538461538462
0.139974779319042
0.0714716525934861
0.0899280575539568
0.131447587354409
0.0861955085865258
0.123588456712673
0.345755693581781
0.0919233004067403
0.125229077580941
0.188540840602696
0.237655560016058
0.202914798206278
0.119964973730298
0.236363636363636
0.108490566037736
0.0535889872173058
0.0146683673469388
0.229102167182663
0.0711237553342817
0.215267175572519
0.456703014753047
0.0749217056131053
0.102308832874391
0.0563725490196078
0.0960264900662252
0.0346991509782207
0.216807247735083
0.1984
0.174603174603175
0.0531822144725371
0.102534562211982
0.0277587388622344
0.229390681003584
0.261322081575246
0.0208706022659511
0.0841720036596523
0.246349505416863
0.137626675384112
0.254091653027823
0.116751269035533
0.0786026200873362
0.0275862068965517
0.213636363636364
0.0633423180592992
0.23989218328841
0.256809338521401
0.071041948579161
0.144990665836963
0.0947061680427392
0.114863363696956
0.0459016393442623
0.0259712837837838
0.0278679137239931
0.111731843575419
0.0767018216682646
0.329712955779674
0.153233109943851
0.367956265769554
0.374574347332577
0.0960775672102248
0.387020369493131
0.0459734649799445
0.15188679245283
0.0554938956714761
0.139900344959755
0.0865878725590956
0.145336225596529
0.2925
0.401010951979781
0.270539419087137
0.199367088607595
0.0476510067114094
0.0318627450980392
0.0726872246696035
0.218960409372475
0.00320512820512821
0.152769070010449
0.244868035190616
0.247682119205298
0.140545144804089
0.0263459335624284
0.117336849044166
0.0196703880914407
0.0208542713567839
0.117235345581802
0.197177074422583
0.175483870967742
0.130021715526602
0.131964809384164
0.252540650406504
0.0229419703103914
0.206916488996495
0.222222222222222
0.0913604766633565
0.123310810810811
0.0757097791798107
0.0278279725334297
0.0849451645064806
0.112955278930383
0.129321591650359
0.0330649798734905
0.149493243243243
0.0429864253393665
0.0236171535114978
0.204562737642586
0.329538645895746
0.0915901854279828
0.0120106761565836
0.227442605445809
0.307053941908714
0.443202979515829
0.0767634854771784
0.234042553191489
0.213769494104222
0.153603698255936
0.299728997289973
0.14712389380531
0.276159654800431
0.293469041560645
0.485627836611195
0.251158003088008
0.172498250524843
0.117792421746293
0.141441441441441
0.384539147670961
0.363001745200698
0.0895933838731909
0.184436584133401
0.11076512455516
0.261355443403028
0.154767388300322
0.0238429172510519
0.077345731191885
0.0417867435158501
0.0526315789473684
0.201296362981635
0.313186813186813
0.108237166732988
0.0461922596754057
0.301129234629862
0.0163352272727273
0.0892249527410208
0.0502197112366604
0.215648854961832
0.29445073612684
0.0786782061369001
0.283071230342276
0.366197183098592
0.124412409902852
0.207137315748642
0.195979899497487
0.166294642857143
0.141210374639769
0.458700882117081
0.142123287671233
0.00103842159916926
0.00806451612903226
0.0381799163179916
